#Parameters = {B=44; D_M=5.208; Feed=26.3; Feed_real=-4.3; Groudmax=0; LPiste=4.459; Largeur=29; TermA=89; Zmax=0.09; Zmin=0}
#"Frequency / MHz"	"S1,1 [Magnitude / dB]"
#-----------------------------------------
700.00000000000	-0.42060228888854
700.40002441406	-0.42007270015574
700.79998779297	-0.41965189264277
701.20001220703	-0.41934352493623
701.59997558594	-0.41914774599826
702.00000000000	-0.41906742626579
702.40002441406	-0.41910340966546
702.79998779297	-0.41925732227209
703.20001220703	-0.41953082113535
703.59997558594	-0.41992440088438
704.00000000000	-0.42044129835312
704.40002441406	-0.42107977414639
704.79998779297	-0.42184205303592
705.20001220703	-0.42272983936804
705.59997558594	-0.42374334392233
706.00000000000	-0.42488290234405
706.40002441406	-0.42614935661553
706.79998779297	-0.42754411294502
707.20001220703	-0.42906607499865
707.59997558594	-0.43071747454841
708.00000000000	-0.43249786166873
708.40002441406	-0.43440682318565
708.79998779297	-0.43644542340582
709.20001220703	-0.43861348558056
709.59997558594	-0.44091136918766
710.00000000000	-0.44333871197021
710.40002441406	-0.44589569496412
710.79998779297	-0.44858107526629
711.20001220703	-0.45139628585349
711.59997558594	-0.45433972210661
712.00000000000	-0.45741134491374
712.40002441406	-0.46061030966572
712.79998779297	-0.46393748106421
713.20001220703	-0.46739131131913
713.59997558594	-0.47097160178131
714.00000000000	-0.47467651025458
714.40002441406	-0.47850737079146
714.79998779297	-0.48246163237942
715.20001220703	-0.48653837426476
715.59997558594	-0.49073788849818
716.00000000000	-0.49505935951948
716.40002441406	-0.49950029018212
716.79998779297	-0.50406064131466
717.20001220703	-0.50873940676775
717.59997558594	-0.51353530586985
718.00000000000	-0.51844686737496
718.40002441406	-0.52347337138139
718.79998779297	-0.52861342873919
719.20001220703	-0.53386517439516
719.59997558594	-0.53922836335642
720.00000000000	-0.54470091637532
720.40002441406	-0.55028173879160
720.79998779297	-0.55596884818368
721.20001220703	-0.56176156846893
721.59997558594	-0.56765790755959
722.00000000000	-0.57365656859200
722.40002441406	-0.57975627156222
722.79998779297	-0.58595459046014
723.20001220703	-0.59225186188543
723.59997558594	-0.59864409483017
724.00000000000	-0.60513168840779
724.40002441406	-0.61171185240445
724.79998779297	-0.61838259420031
725.20001220703	-0.62514354601927
725.59997558594	-0.63199233204569
726.00000000000	-0.63892661941089
726.40002441406	-0.64594642166919
726.79998779297	-0.65304941197547
727.20001220703	-0.66023364772132
727.59997558594	-0.66749719651354
728.00000000000	-0.67483772245797
728.40002441406	-0.68225566595469
728.79998779297	-0.68974751135547
729.20001220703	-0.69731211340956
729.59997558594	-0.70494792816595
730.00000000000	-0.71265261389360
730.40002441406	-0.72042543515104
730.79998779297	-0.72826481207621
731.20001220703	-0.73616763201927
731.59997558594	-0.74413349810926
732.00000000000	-0.75216158849960
732.40002441406	-0.76024768993108
732.79998779297	-0.76839243829451
733.20001220703	-0.77659343365571
733.59997558594	-0.78484958395882
734.00000000000	-0.79315875774552
734.40002441406	-0.80151909388819
734.79998779297	-0.80993087134531
735.20001220703	-0.81839064237084
735.59997558594	-0.82689792580733
736.00000000000	-0.83545096692109
736.40002441406	-0.84404922229645
736.79998779297	-0.85269008652624
737.20001220703	-0.86137304062760
737.59997558594	-0.87009623546445
738.00000000000	-0.87885933957471
738.40002441406	-0.88766048266351
738.79998779297	-0.89649818321247
739.20001220703	-0.90537215493105
739.59997558594	-0.91428039943518
740.00000000000	-0.92322237963977
740.40002441406	-0.93219740789403
740.79998779297	-0.94120367197382
741.20001220703	-0.95024087828845
741.59997558594	-0.95930834305321
742.00000000000	-0.96840430618004
742.40002441406	-0.97752844917698
742.79998779297	-0.98667982440647
743.20001220703	-0.99585874337266
743.59997558594	-1.0050636059792
744.00000000000	-1.0142938231462
744.40002441406	-1.0235481734612
744.79998779297	-1.0328278825276
745.20001220703	-1.0421319962238
745.59997558594	-1.0514593236032
746.00000000000	-1.0608105173563
746.40002441406	-1.0701839058222
746.79998779297	-1.0795804741062
747.20001220703	-1.0889994282677
747.59997558594	-1.0984412628745
748.00000000000	-1.1079058919822
748.40002441406	-1.1173922056338
748.79998779297	-1.1269018377686
749.20001220703	-1.1364335492871
749.59997558594	-1.1459881229271
750.00000000000	-1.1555658342458
750.40002441406	-1.1651670747000
750.79998779297	-1.1747927537462
751.20001220703	-1.1844407963929
751.59997558594	-1.1941152550266
752.00000000000	-1.2038134390786
752.40002441406	-1.2135380724860
752.79998779297	-1.2232889018349
753.20001220703	-1.2330670983605
753.59997558594	-1.2428730946920
754.00000000000	-1.2527074284022
754.40002441406	-1.2625718225347
754.79998779297	-1.2724663143459
755.20001220703	-1.2823922195378
755.59997558594	-1.2923511155243
756.00000000000	-1.3023433518986
756.40002441406	-1.3123707228571
756.79998779297	-1.3224342580018
757.20001220703	-1.3325354153531
757.59997558594	-1.3426751512354
758.00000000000	-1.3528540242930
758.40002441406	-1.3630758509815
758.79998779297	-1.3733403331903
759.20001220703	-1.3836500753268
759.59997558594	-1.3940058044516
760.00000000000	-1.4044102528418
760.40002441406	-1.4148632780317
760.79998779297	-1.4253689318719
761.20001220703	-1.4359280801882
761.59997558594	-1.4465415703412
762.00000000000	-1.4572134489334
762.40002441406	-1.4679437001024
762.79998779297	-1.4787367125475
763.20001220703	-1.4895922811815
763.59997558594	-1.5005132630118
764.00000000000	-1.5115021658218
764.40002441406	-1.5225615050721
764.79998779297	-1.5336936205199
765.20001220703	-1.5448993065417
765.59997558594	-1.5561820809300
766.00000000000	-1.5675455504679
766.40002441406	-1.5789899183890
766.79998779297	-1.5905194968731
767.20001220703	-1.6021352158179
767.59997558594	-1.6138420503768
768.00000000000	-1.6256404267989
768.40002441406	-1.6375327597886
768.79998779297	-1.6495235312314
769.20001220703	-1.6616154257330
769.59997558594	-1.6738098216990
770.00000000000	-1.6861102067001
770.40002441406	-1.6985195479842
770.79998779297	-1.7110407658508
771.20001220703	-1.7236769098695
771.59997558594	-1.7364309217132
772.00000000000	-1.7493053378414
772.40002441406	-1.7623030320176
772.79998779297	-1.7754278387592
773.20001220703	-1.7886833058181
773.59997558594	-1.8020711802692
774.00000000000	-1.8155952775183
774.40002441406	-1.8292594598600
774.79998779297	-1.8430643992576
775.20001220703	-1.8570169650972
775.59997558594	-1.8711175528057
776.00000000000	-1.8853708602340
776.40002441406	-1.8997796777422
776.79998779297	-1.9143478052416
777.20001220703	-1.9290782437867
777.59997558594	-1.9439748602389
778.00000000000	-1.9590402629609
778.40002441406	-1.9742782435490
778.79998779297	-1.9896922088222
779.20001220703	-2.0052858855807
779.59997558594	-2.0210627619824
780.00000000000	-2.0370257751743
780.40002441406	-2.0531799613200
780.79998779297	-2.0695270303904
781.20001220703	-2.0860719727361
781.59997558594	-2.1028176224393
782.00000000000	-2.1197674457356
782.40002441406	-2.1369254352568
782.79998779297	-2.1542954572795
783.20001220703	-2.1718814560363
783.59997558594	-2.1896870163658
784.00000000000	-2.2077146775001
784.40002441406	-2.2259692167515
784.79998779297	-2.2444548399282
785.20001220703	-2.2631747324081
785.59997558594	-2.2821316453847
786.00000000000	-2.3013316258818
786.40002441406	-2.3207771028669
786.79998779297	-2.3404718726945
787.20001220703	-2.3604193966686
787.59997558594	-2.3806249604183
788.00000000000	-2.4010928675815
788.40002441406	-2.4218242758415
788.79998779297	-2.4428257650821
789.20001220703	-2.4641004592494
789.59997558594	-2.4856514316379
790.00000000000	-2.5074833785460
790.40002441406	-2.5296022555271
790.79998779297	-2.5520085892090
791.20001220703	-2.5747086576046
791.59997558594	-2.5977057563627
792.00000000000	-2.6210054921697
792.40002441406	-2.6446108455933
792.79998779297	-2.6685254237966
793.20001220703	-2.6927536018633
793.59997558594	-2.7172999937863
794.00000000000	-2.7421693905569
794.40002441406	-2.7673652579883
794.79998779297	-2.7928922549238
795.20001220703	-2.8187536471006
795.59997558594	-2.8449563344298
796.00000000000	-2.8715021604364
796.40002441406	-2.8983959619945
796.79998779297	-2.9256427784635
797.20001220703	-2.9532478470567
797.59997558594	-2.9812142566806
798.00000000000	-3.0095472312684
798.40002441406	-3.0382509961594
798.79998779297	-3.0673300304918
799.20001220703	-3.0967896661057
799.59997558594	-3.1266345259850
800.00000000000	-3.1568681198082
800.40002441406	-3.1874960312223
800.79998779297	-3.2185234576347
801.20001220703	-3.2499548839569
801.59997558594	-3.2817956844928
802.00000000000	-3.3140492678101
802.40002441406	-3.3467219739450
802.79998779297	-3.3798190663916
803.20001220703	-3.4133443045458
803.59997558594	-3.4473045891696
804.00000000000	-3.4817041833286
804.40002441406	-3.5165463841353
804.79998779297	-3.5518404149785
805.20001220703	-3.5875885861380
805.59997558594	-3.6237971714940
806.00000000000	-3.6604727531826
806.40002441406	-3.6976197281045
806.79998779297	-3.7352434964155
807.20001220703	-3.7733495337086
807.59997558594	-3.8119461364040
808.00000000000	-3.8510352523048
808.40002441406	-3.8906262411300
808.79998779297	-3.9307240474655
809.20001220703	-3.9713335568092
809.59997558594	-4.0124617155778
810.00000000000	-4.0541147129587
810.40002441406	-4.0963000394514
810.79998779297	-4.1390218458623
811.20001220703	-4.1822889045537
811.59997558594	-4.2261067089054
812.00000000000	-4.2704819624764
812.40002441406	-4.3154216555639
812.79998779297	-4.3609337019951
813.20001220703	-4.4070230920932
813.59997558594	-4.4537000841322
814.00000000000	-4.5009684179402
814.40002441406	-4.5488381024691
814.79998779297	-4.5973150788586
815.20001220703	-4.6464091490249
815.59997558594	-4.6961259346745
816.00000000000	-4.7464749675274
816.40002441406	-4.7974633468724
816.79998779297	-4.8491003370585
817.20001220703	-4.9013927949266
817.59997558594	-4.9543515038330
818.00000000000	-5.0079849061781
818.40002441406	-5.0623008238577
818.79998779297	-5.1173092929388
819.20001220703	-5.1730187913220
819.59997558594	-5.2294391350567
820.00000000000	-5.2865804972649
820.40002441406	-5.3444524721370
820.79998779297	-5.4030659761897
821.20001220703	-5.4624304212741
821.59997558594	-5.5225565716975
822.00000000000	-5.5834565485552
822.40002441406	-5.6451399895550
822.79998779297	-5.7076178847509
823.20001220703	-5.7709036712995
823.59997558594	-5.8350092545403
824.00000000000	-5.8999449408073
824.40002441406	-5.9657255652364
824.79998779297	-6.0323608000073
825.20001220703	-6.0998669751321
825.59997558594	-6.1682562773111
826.00000000000	-6.2375429519851
826.40002441406	-6.3077396390819
826.79998779297	-6.3788626978669
827.20001220703	-6.4509274623342
827.59997558594	-6.5239465495665
828.00000000000	-6.5979385924448
828.40002441406	-6.6729184498294
828.79998779297	-6.7489032301257
829.20001220703	-6.8259095471621
829.59997558594	-6.9039552115451
830.00000000000	-6.9830598601525
830.40002441406	-7.0632391946990
830.79998779297	-7.1445148128511
831.20001220703	-7.2269055545123
831.59997558594	-7.3104321717649
832.00000000000	-7.3951155936213
832.40002441406	-7.4809781507816
832.79998779297	-7.5680405494333
833.20001220703	-7.6563267850752
833.59997558594	-7.7458611106850
834.00000000000	-7.8366674686821
834.40002441406	-7.9287713355909
834.79998779297	-8.0221991718933
835.20001220703	-8.1169784696291
835.59997558594	-8.2131371105547
836.00000000000	-8.3107033964723
836.40002441406	-8.4097080773104
836.79998779297	-8.5101824583767
837.20001220703	-8.6121569555356
837.59997558594	-8.7156681444731
838.00000000000	-8.8207483734610
838.40002441406	-8.9274341457423
838.79998779297	-9.0357619986918
839.20001220703	-9.1457714452276
839.59997558594	-9.2575028817984
840.00000000000	-9.3709975485532
840.40002441406	-9.4862985196105
840.79998779297	-9.6034521107660
841.20001220703	-9.7225043622925
841.59997558594	-9.8435041157561
842.00000000000	-9.9665030748788
842.40002441406	-10.091552889942
842.79998779297	-10.218711421519
843.20001220703	-10.348034544985
843.59997558594	-10.479582963217
844.00000000000	-10.613420331813
844.40002441406	-10.749611539166
844.79998779297	-10.888227417599
845.20001220703	-11.029337646897
845.59997558594	-11.173019104345
846.00000000000	-11.319352251190
846.40002441406	-11.468416700344
846.79998779297	-11.620302781884
847.20001220703	-11.775101409424
847.59997558594	-11.932906672384
848.00000000000	-12.093821439547
848.40002441406	-12.257951408291
848.79998779297	-12.425408915853
849.20001220703	-12.596311658040
849.59997558594	-12.770783879925
850.00000000000	-12.948956978429
850.40002441406	-13.130969281728
850.79998779297	-13.316968550248
851.20001220703	-13.507107507667
851.59997558594	-13.701552496475
852.00000000000	-13.900475951916
852.40002441406	-14.104061823323
852.79998779297	-14.312505669593
853.20001220703	-14.526015126917
853.59997558594	-14.744810509000
854.00000000000	-14.969125859807
854.40002441406	-15.199209205764
854.79998779297	-15.435327168728
855.20001220703	-15.677761175063
855.59997558594	-15.926810587314
856.00000000000	-16.182795431353
856.40002441406	-16.446055342359
856.79998779297	-16.716953330258
857.20001220703	-16.995875032655
857.59997558594	-17.283227963667
858.00000000000	-17.579444629904
858.40002441406	-17.884985983787
858.79998779297	-18.200333886535
859.20001220703	-18.525992490926
859.59997558594	-18.862490384530
860.00000000000	-19.210371792598
860.40002441406	-19.570187856117
860.79998779297	-19.942488991922
861.20001220703	-20.327808086111
861.59997558594	-20.726632295622
862.00000000000	-21.139377874549
862.40002441406	-21.566327426026
862.79998779297	-22.007571004785
863.20001220703	-22.462902233655
863.59997558594	-22.931684537306
864.00000000000	-23.412659690774
864.40002441406	-23.903712317015
864.79998779297	-24.401527108335
865.20001220703	-24.901195589581
865.59997558594	-25.395744158961
866.00000000000	-25.875651415977
866.40002441406	-26.328487513053
866.79998779297	-26.738879026230
867.20001220703	-27.089114314260
867.59997558594	-27.360668314882
868.00000000000	-27.536697138871
868.40002441406	-27.605092116896
868.79998779297	-27.561101050326
869.20001220703	-27.408466503346
869.59997558594	-27.158526110077
870.00000000000	-26.827710025251
870.40002441406	-26.434492212133
870.79998779297	-25.996782142046
871.20001220703	-25.530285537653
871.59997558594	-25.047795478553
872.00000000000	-24.559171391905
872.40002441406	-24.071668714334
872.79998779297	-23.590422082062
873.20001220703	-23.118913231079
873.59997558594	-22.659388180178
874.00000000000	-22.213189272797
874.40002441406	-21.781018343980
874.79998779297	-21.363125912534
875.20001220703	-20.959450975898
875.59997558594	-20.569727721064
876.00000000000	-20.193555235564
876.40002441406	-19.830451515177
876.79998779297	-19.479885801490
877.20001220703	-19.141309499709
877.59997558594	-18.814169300048
878.00000000000	-18.497918378313
878.40002441406	-18.192028386796
878.79998779297	-17.895990360757
879.20001220703	-17.609315674684
879.59997558594	-17.331543524798
880.00000000000	-17.062238087734
880.40002441406	-16.800984990212
880.79998779297	-16.547397480349
881.20001220703	-16.301108893580
881.59997558594	-16.061775587735
882.00000000000	-15.829076979410
882.40002441406	-15.602707241297
882.79998779297	-15.382383473800
883.20001220703	-15.167837822237
883.59997558594	-14.958818871910
884.00000000000	-14.755089003223
884.40002441406	-14.556427078449
884.79998779297	-14.362622644991
885.20001220703	-14.173479531000
885.59997558594	-13.988810384172
886.00000000000	-13.808439546317
886.40002441406	-13.632202930798
886.79998779297	-13.459941918553
887.20001220703	-13.291509468134
887.59997558594	-13.126764908227
888.00000000000	-12.965576116068
888.40002441406	-12.807816409954
888.79998779297	-12.653367752520
889.20001220703	-12.502114978179
889.59997558594	-12.353952124748
890.00000000000	-12.208776395545
890.40002441406	-12.066490301607
890.79998779297	-11.927000696844
891.20001220703	-11.790220117710
891.59997558594	-11.656064025890
892.00000000000	-11.524453241160
892.40002441406	-11.395309309563
892.79998779297	-11.268559751440
893.20001220703	-11.144134690735
893.59997558594	-11.021967236211
894.00000000000	-10.901993275701
894.40002441406	-10.784151383687
894.79998779297	-10.668382877183
895.20001220703	-10.554631936970
895.59997558594	-10.442844602916
896.00000000000	-10.332967283792
896.40002441406	-10.224952070102
896.79998779297	-10.118749947384
897.20001220703	-10.014315141736
897.59997558594	-9.9116036288265
898.00000000000	-9.8105723525422
898.40002441406	-9.7111814892814
898.79998779297	-9.6133900412738
899.20001220703	-9.5171606450334
899.59997558594	-9.4224569071058
900.00000000000	-9.3292420633748
900.40002441406	-9.2374841038942
900.79998779297	-9.1471476615035
901.20001220703	-9.0582021547083
901.59997558594	-8.9706170021908
902.00000000000	-8.8843609655107
902.40002441406	-8.7994074602210
902.79998779297	-8.7157253927923
903.20001220703	-8.6332920846679
903.59997558594	-8.5520765901533
904.00000000000	-8.4720565957579
904.40002441406	-8.3932085633826
904.79998779297	-8.3155052210306
905.20001220703	-8.2389248986264
905.59997558594	-8.1634467919057
906.00000000000	-8.0890475871286
906.40002441406	-8.0157066411437
906.79998779297	-7.9434023356334
907.20001220703	-7.8721162730517
907.59997558594	-7.8018294989269
908.00000000000	-7.7325211836185
908.40002441406	-7.6641735557981
908.79998779297	-7.5967702786031
909.20001220703	-7.5302925246046
909.59997558594	-7.4647234422717
910.00000000000	-7.4000472947135
910.40002441406	-7.3362474863458
910.79998779297	-7.2733088849225
911.20001220703	-7.2112166148539
911.59997558594	-7.1499551222414
912.00000000000	-7.0895092728863
912.40002441406	-7.0298660214347
912.79998779297	-6.9710121077440
913.20001220703	-6.9129319262662
913.59997558594	-6.8556147125003
914.00000000000	-6.7990454578038
914.40002441406	-6.7432132781473
914.79998779297	-6.6881060640197
915.20001220703	-6.6337106165243
915.59997558594	-6.5800153633895
916.00000000000	-6.5270093947588
916.40002441406	-6.4746812638818
916.79998779297	-6.4230200594842
917.20001220703	-6.3720151696137
917.59997558594	-6.3216556283507
918.00000000000	-6.2719320658045
918.40002441406	-6.2228332509990
918.79998779297	-6.1743492425608
919.20001220703	-6.1264718152202
919.59997558594	-6.0791908479247
920.00000000000	-6.0324954690467
920.40002441406	-5.9863792905622
920.79998779297	-5.9408310831971
921.20001220703	-5.8958424344458
921.59997558594	-5.8514061865209
922.00000000000	-5.8075117475212
922.40002441406	-5.7641532775607
922.79998779297	-5.7213210721116
923.20001220703	-5.6790064634631
923.59997558594	-5.6372035653637
924.00000000000	-5.5959035841928
924.40002441406	-5.5550987873697
924.79998779297	-5.5147800204612
925.20001220703	-5.4749437069299
925.59997558594	-5.4355798033822
926.00000000000	-5.3966832416382
926.40002441406	-5.3582446643757
926.79998779297	-5.3202586252723
927.20001220703	-5.2827197385138
927.59997558594	-5.2456181484934
928.00000000000	-5.2089499324841
928.40002441406	-5.1727071751786
928.79998779297	-5.1368841947554
929.20001220703	-5.1014757553831
929.59997558594	-5.0664729245386
930.00000000000	-5.0318726385208
930.40002441406	-4.9976672134764
930.79998779297	-4.9638511832215
931.20001220703	-4.9304192737790
931.59997558594	-4.8973659519782
932.00000000000	-4.8646839846892
932.40002441406	-4.8323692782357
932.79998779297	-4.8004172516551
933.20001220703	-4.7688195880930
933.59997558594	-4.7375731155472
934.00000000000	-4.7066737093933
934.40002441406	-4.6761137072783
934.79998779297	-4.6458895620529
935.20001220703	-4.6159953946036
935.59997558594	-4.5864258113400
936.00000000000	-4.5571783507977
936.40002441406	-4.5282471240537
936.79998779297	-4.4996262597577
937.20001220703	-4.4713119679213
937.59997558594	-4.4432994806260
938.00000000000	-4.4155841448577
938.40002441406	-4.3881622109409
938.79998779297	-4.3610286186674
939.20001220703	-4.3341797182234
939.59997558594	-4.3076098919178
940.00000000000	-4.2813156051562
940.40002441406	-4.2552937616538
940.79998779297	-4.2295393250023
941.20001220703	-4.2040470758936
941.59997558594	-4.1788146602540
942.00000000000	-4.1538377568205
942.40002441406	-4.1291123422356
942.79998779297	-4.1046344436297
943.20001220703	-4.0803994058169
943.59997558594	-4.0564056209947
944.00000000000	-4.0326472314543
944.40002441406	-4.0091225713181
944.79998779297	-3.9858267327515
945.20001220703	-3.9627557717358
945.59997558594	-3.9399072858624
946.00000000000	-3.9172774650125
946.40002441406	-3.8948633554822
946.79998779297	-3.8726611700768
947.20001220703	-3.8506663697758
947.59997558594	-3.8288769484047
948.00000000000	-3.8072917698206
948.40002441406	-3.7859038815715
948.79998779297	-3.7647115783982
949.20001220703	-3.7437128233343
949.59997558594	-3.7229044301762
950.00000000000	-3.7022820685848
950.40002441406	-3.6818439748849
950.79998779297	-3.6615861549534
951.20001220703	-3.6415061764704
951.59997558594	-3.6216023180694
952.00000000000	-3.6018714717986
952.40002441406	-3.5823089486941
952.79998779297	-3.5629154810728
953.20001220703	-3.5436848888575
953.59997558594	-3.5246156776404
954.00000000000	-3.5057072576594
954.40002441406	-3.4869558025723
954.79998779297	-3.4683583743915
955.20001220703	-3.4499128318942
955.59997558594	-3.4316170284457
956.00000000000	-3.4134673590453
956.40002441406	-3.3954639943003
956.79998779297	-3.3776034841312
957.20001220703	-3.3598820305391
957.59997558594	-3.3423007575666
958.00000000000	-3.3248540521968
958.40002441406	-3.3075411964408
958.79998779297	-3.2903611204581
959.20001220703	-3.2733118407435
959.59997558594	-3.2563884423975
960.00000000000	-3.2395927582808
960.40002441406	-3.2229198775783
960.79998779297	-3.2063709403533
961.20001220703	-3.1899410958393
961.59997558594	-3.1736298985451
962.00000000000	-3.1574363958198
962.40002441406	-3.1413578506976
962.79998779297	-3.1253925463653
963.20001220703	-3.1095378915259
963.59997558594	-3.0937951480445
964.00000000000	-3.0781600728256
964.40002441406	-3.0626320109217
964.79998779297	-3.0472094655549
965.20001220703	-3.0318924642340
965.59997558594	-3.0166769745187
966.00000000000	-3.0015627514123
966.40002441406	-2.9865486819650
966.79998779297	-2.9716330585091
967.20001220703	-2.9568158045810
967.59997558594	-2.9420934658421
968.00000000000	-2.9274670740187
968.40002441406	-2.9129327782131
968.79998779297	-2.8984923496679
969.20001220703	-2.8841434513545
969.59997558594	-2.8698836404764
970.00000000000	-2.8557138411870
970.40002441406	-2.8416309988424
970.79998779297	-2.8276370885020
971.20001220703	-2.8137292808987
971.59997558594	-2.7999064209502
972.00000000000	-2.7861666693774
972.40002441406	-2.7725124487454
972.79998779297	-2.7589400099921
973.20001220703	-2.7454494691104
973.59997558594	-2.7320394923645
974.00000000000	-2.7187103631996
974.40002441406	-2.7054613190839
974.79998779297	-2.6922904519807
975.20001220703	-2.6791985706340
975.59997558594	-2.6661838650766
976.00000000000	-2.6532453869903
976.40002441406	-2.6403840530904
976.79998779297	-2.6275975939230
977.20001220703	-2.6148872429716
977.59997558594	-2.6022510861411
978.00000000000	-2.5896896748200
978.40002441406	-2.5772013932829
978.79998779297	-2.5647872300753
979.20001220703	-2.5524447659190
979.59997558594	-2.5401743311023
980.00000000000	-2.5279777436609
980.40002441406	-2.5158513686744
980.79998779297	-2.5037961588060
981.20001220703	-2.4918129270151
981.59997558594	-2.4798992034600
982.00000000000	-2.4680566808081
982.40002441406	-2.4562846787345
982.79998779297	-2.4445825856301
983.20001220703	-2.4329493970223
983.59997558594	-2.4213848363645
984.00000000000	-2.4098901148428
984.40002441406	-2.3984649687300
984.79998779297	-2.3871078650801
985.20001220703	-2.3758200248512
985.59997558594	-2.3646015848210
986.00000000000	-2.3534494125079
986.40002441406	-2.3423665874035
986.79998779297	-2.3313525586815
987.20001220703	-2.3204062849623
987.59997558594	-2.3095271617126
988.00000000000	-2.2987172310011
988.40002441406	-2.2879743061992
988.79998779297	-2.2772988172897
989.20001220703	-2.2666917559588
989.59997558594	-2.2561531932712
990.00000000000	-2.2456814744775
990.40002441406	-2.2352777978915
990.79998779297	-2.2249403595427
991.20001220703	-2.2146735715939
991.59997558594	-2.2044725736888
992.00000000000	-2.1943396426071
992.40002441406	-2.1842739206038
992.79998779297	-2.1742774885162
993.20001220703	-2.1643472300298
993.59997558594	-2.1544858435928
994.00000000000	-2.1446920478833
994.40002441406	-2.1349667121117
994.79998779297	-2.1253083934764
995.20001220703	-2.1157180383612
995.59997558594	-2.1061956297708
996.00000000000	-2.0967422033924
996.40002441406	-2.0873551632344
996.79998779297	-2.0780389889641
997.20001220703	-2.0687881133598
997.59997558594	-2.0596070093691
998.00000000000	-2.0504938381313
998.40002441406	-2.0414489878268
998.79998779297	-2.0324723210861
999.20001220703	-2.0235642503102
999.59997558594	-2.0147233399556
1000.0000000000	-2.0059519079407
1000.4000244141	-1.9972486123477
1000.7999877930	-1.9886138114607
1001.2000122070	-1.9800467523493
1001.5999755859	-1.9715485247001
1002.0000000000	-1.9631181454593
1002.4000244141	-1.9547568964975
1002.7999877930	-1.9464634302581
1003.2000122070	-1.9382383543435
1003.5999755859	-1.9300812021287
1004.0000000000	-1.9219931905057
1004.4000244141	-1.9139720029788
1004.7999877930	-1.9060201815616
1005.2000122070	-1.8981344558643
1005.5999755859	-1.8903180107463
1006.0000000000	-1.8825693736769
1006.4000244141	-1.8748881365281
1006.7999877930	-1.8672740645394
1007.2000122070	-1.8597269411535
1007.5999755859	-1.8522489636898
1008.0000000000	-1.8448360360898
1008.4000244141	-1.8374916387545
1008.7999877930	-1.8302130605826
1009.2000122070	-1.8230013355778
1009.5999755859	-1.8158554816389
1010.0000000000	-1.8087764094260
1010.4000244141	-1.8017628466704
1010.7999877930	-1.7948153445083
1011.2000122070	-1.7879326598707
1011.5999755859	-1.7811163307501
1012.0000000000	-1.7743628926979
1012.4000244141	-1.7676755547621
1012.7999877930	-1.7610520508945
1013.2000122070	-1.7544923434437
1013.5999755859	-1.7479964840368
1014.0000000000	-1.7415630555428
1014.4000244141	-1.7351931851410
1014.7999877930	-1.7288857391359
1015.2000122070	-1.7226396911589
1015.5999755859	-1.7164554192971
1016.0000000000	-1.7103328125747
1016.4000244141	-1.7042702273627
1016.7999877930	-1.6982678947021
1017.2000122070	-1.6923259245734
1017.5999755859	-1.6864429027311
1018.0000000000	-1.6806185567726
1018.4000244141	-1.6748525933635
1018.7999877930	-1.6691436213285
1019.2000122070	-1.6634919037659
1019.5999755859	-1.6578968020162
1020.0000000000	-1.6523582928623
1020.4000244141	-1.6468746763611
1020.7999877930	-1.6414458533244
1021.2000122070	-1.6360709041332
1021.5999755859	-1.6307487299350
1022.0000000000	-1.6254798086242
1022.4000244141	-1.6202631222713
1022.7999877930	-1.6150974368905
1023.2000122070	-1.6099816550734
1023.5999755859	-1.6049173565526
1024.0000000000	-1.5999010166428
1024.4000244141	-1.5949336063455
1024.8000488281	-1.5900139477753
1025.1999511719	-1.5851403285483
1025.5999755859	-1.5803127243903
1026.0000000000	-1.5755309426396
1026.4000244141	-1.5707932241310
1026.8000488281	-1.5660990713431
1027.1999511719	-1.5614469214733
1027.5999755859	-1.5568371844469
1028.0000000000	-1.5522689058205
1028.4000244141	-1.5477398633248
1028.8000488281	-1.5432510889108
1029.1999511719	-1.5387995517478
1029.5999755859	-1.5343851315778
1030.0000000000	-1.5300079583275
1030.4000244141	-1.5256655452131
1030.8000488281	-1.5213577464524
1031.1999511719	-1.5170833505819
1031.5999755859	-1.5128426072706
1032.0000000000	-1.5086323595088
1032.4000244141	-1.5044533437856
1032.8000488281	-1.5003035872995
1033.1999511719	-1.4961829490249
1033.5999755859	-1.4920894551627
1034.0000000000	-1.4880231847644
1034.4000244141	-1.4839816628558
1034.8000488281	-1.4799655304633
1035.1999511719	-1.4759730292343
1035.5999755859	-1.4720027904511
1036.0000000000	-1.4680539717740
1036.4000244141	-1.4641260859548
1036.8000488281	-1.4602179407661
1037.1999511719	-1.4563278319591
1037.5999755859	-1.4524556526760
1038.0000000000	-1.4485992034070
1038.4000244141	-1.4447587314537
1038.8000488281	-1.4409326577616
1039.1999511719	-1.4371198507645
1039.5999755859	-1.4333195880494
1040.0000000000	-1.4295306257952
1040.4000244141	-1.4257511462769
1040.8000488281	-1.4219821401255
1041.1999511719	-1.4182207545921
1041.5999755859	-1.4144671977548
1042.0000000000	-1.4107199559787
1042.4000244141	-1.4069781519158
1042.8000488281	-1.4032405916197
1043.1999511719	-1.3995064694191
1043.5999755859	-1.3957743367239
1044.0000000000	-1.3920451316522
1044.4000244141	-1.3883158721018
1044.8000488281	-1.3845862757146
1045.1999511719	-1.3808555733820
1045.5999755859	-1.3771225864617
1046.0000000000	-1.3733864761739
1046.4000244141	-1.3696468888377
1046.8000488281	-1.3659028902720
1047.1999511719	-1.3621537066314
1047.5999755859	-1.3583975755212
1048.0000000000	-1.3546349634340
1048.4000244141	-1.3508640006127
1048.8000488281	-1.3470846960741
1049.1999511719	-1.3432962873630
1049.5999755859	-1.3394978869965
1050.0000000000	-1.3356883877008
1050.4000244141	-1.3318669001365
1050.8000488281	-1.3280345449312
1051.1999511719	-1.3241890884992
1051.5999755859	-1.3203302966080
1052.0000000000	-1.3164572637349
1052.4000244141	-1.3125701054533
1052.8000488281	-1.3086680063466
1053.1999511719	-1.3047509496317
1053.5999755859	-1.3008179030975
1054.0000000000	-1.2968670644611
1054.4000244141	-1.2929012852667
1054.8000488281	-1.2889174153029
1055.1999511719	-1.2849163038236
1055.5999755859	-1.2808976603112
1056.0000000000	-1.2768595524883
1056.4000244141	-1.2728042672555
1056.8000488281	-1.2687301888697
1057.1999511719	-1.2646366867296
1057.5999755859	-1.2605245428639
1058.0000000000	-1.2563925495324
1058.4000244141	-1.2522414075797
1058.8000488281	-1.2480714388177
1059.1999511719	-1.2438810440555
1059.5999755859	-1.2396723094335
1060.0000000000	-1.2354430739642
1060.4000244141	-1.2311954455243
1060.8000488281	-1.2269269111530
1061.1999511719	-1.2226399984707
1061.5999755859	-1.2183337099755
1062.0000000000	-1.2140089876713
1062.4000244141	-1.2096651831897
1062.8000488281	-1.2053025605113
1063.1999511719	-1.2009223981854
1063.5999755859	-1.1965241558732
1064.0000000000	-1.1921083183752
1064.4000244141	-1.1876751832454
1064.8000488281	-1.1832257627943
1065.1999511719	-1.1787593143714
1065.5999755859	-1.1742779291003
1066.0000000000	-1.1697808556673
1066.4000244141	-1.1652690771495
1066.8000488281	-1.1607429785364
1067.1999511719	-1.1562038482484
1067.5999755859	-1.1516514187952
1068.0000000000	-1.1470877789678
1068.4000244141	-1.1425109915877
1068.8000488281	-1.1379248827025
1069.1999511719	-1.1333281141105
1069.5999755859	-1.1287224004187
1070.0000000000	-1.1241089730785
1070.4000244141	-1.1194877650396
1070.8000488281	-1.1148604039356
1071.1999511719	-1.1102262954033
1071.5999755859	-1.1055891826452
1072.0000000000	-1.1009477195181
1072.4000244141	-1.0963026672112
1072.8000488281	-1.0916571107503
1073.1999511719	-1.0870114550727
1073.5999755859	-1.0823654992794
1074.0000000000	-1.0777210939800
1074.4000244141	-1.0730805467858
1074.8000488281	-1.0684430818008
1075.1999511719	-1.0638110546834
1075.5999755859	-1.0591853145012
1076.0000000000	-1.0545669137784
1076.4000244141	-1.0499578978591
1076.8000488281	-1.0453593320010
1077.1999511719	-1.0407712482944
1077.5999755859	-1.0361970133777
1078.0000000000	-1.0316362133801
1078.4000244141	-1.0270902669359
1078.8000488281	-1.0225614579092
1079.1999511719	-1.0180514648548
1079.5999755859	-1.0135603813785
1080.0000000000	-1.0090891979045
1080.4000244141	-1.0046411297528
1080.8000488281	-1.0002175327283
1081.1999511719	-0.99581813111287
1081.5999755859	-0.99144520540534
1082.0000000000	-0.98710036237486
1082.4000244141	-0.98278483297566
1082.8000488281	-0.97850005343261
1083.1999511719	-0.97424757893688
1083.5999755859	-0.97002821304598
1084.0000000000	-0.96584502831653
1084.4000244141	-0.96169769933781
1084.8000488281	-0.95758840844378
1085.1999511719	-0.95351884091119
1085.5999755859	-0.94949016726553
1086.0000000000	-0.94550414308668
1086.4000244141	-0.94156099877345
1086.8000488281	-0.93766353669077
1087.1999511719	-0.93381221162676
1087.5999755859	-0.93000991036242
1088.0000000000	-0.92625649331645
1088.4000244141	-0.92255352014290
1088.8000488281	-0.91890246896452
1089.1999511719	-0.91530535755526
1089.5999755859	-0.91176245148207
1090.0000000000	-0.90827637578876
1090.4000244141	-0.90484689755124
1090.8000488281	-0.90147677533511
1091.1999511719	-0.89816621137265
1091.5999755859	-0.89491646002955
1092.0000000000	-0.89172920100545
1092.4000244141	-0.88860528913178
1092.8000488281	-0.88554696270560
1093.1999511719	-0.88255284996810
1093.5999755859	-0.87962684704287
1094.0000000000	-0.87676879373080
1094.4000244141	-0.87397982167414
1094.8000488281	-0.87126009282238
1095.1999511719	-0.86861145713190
1095.5999755859	-0.86603480792297
1096.0000000000	-0.86353059610573
1096.4000244141	-0.86110014306723
1096.8000488281	-0.85874393348872
1097.1999511719	-0.85646366292257
1097.5999755859	-0.85425905454146
1098.0000000000	-0.85213076437886
1098.4000244141	-0.85008037804451
1098.8000488281	-0.84810709764637
1099.1999511719	-0.84621252221203
1099.5999755859	-0.84439729923101
1100.0000000000	-0.84266086678529
