#Parameters = {B=55; Cut=0.5; D_M=8.1; Feed=35.7; Feed_real=-8.2; Groudmax=0; LPiste=5.4; Largeur=27; TermA=92; Zmax=0.152; Zmin=0}
#"Frequency / MHz"	"S1,1 [Magnitude / dB]"
#-----------------------------------------
700.00000000000	-0.62155933907342
700.40002441406	-0.62462877837528
700.79998779297	-0.62777476047802
701.20001220703	-0.63099631325531
701.59997558594	-0.63429474550059
702.00000000000	-0.63766910673475
702.40002441406	-0.64111997040243
702.79998779297	-0.64464826646311
703.20001220703	-0.64825336721888
703.59997558594	-0.65193482603010
704.00000000000	-0.65569452542623
704.40002441406	-0.65953127179743
704.79998779297	-0.66344542376153
705.20001220703	-0.66743689270820
705.59997558594	-0.67150513693715
706.00000000000	-0.67565150627957
706.40002441406	-0.67987468889254
706.79998779297	-0.68417512107946
707.20001220703	-0.68855231394950
707.59997558594	-0.69300671553864
708.00000000000	-0.69753863511344
708.40002441406	-0.70214574717709
708.79998779297	-0.70682945465264
709.20001220703	-0.71158938715717
709.59997558594	-0.71642566398940
710.00000000000	-0.72133728228881
710.40002441406	-0.72632399556331
710.79998779297	-0.73138615600880
711.20001220703	-0.73652309540835
711.59997558594	-0.74173363526027
712.00000000000	-0.74701868004500
712.40002441406	-0.75237692412493
712.79998779297	-0.75780905064642
713.20001220703	-0.76331493213424
713.59997558594	-0.76889168288204
714.00000000000	-0.77454011654905
714.40002441406	-0.78026143428839
714.79998779297	-0.78605325290488
715.20001220703	-0.79191557890895
715.59997558594	-0.79784892072160
716.00000000000	-0.80385105422474
716.40002441406	-0.80992278521808
716.79998779297	-0.81606429492989
717.20001220703	-0.82227295141899
717.59997558594	-0.82854978484935
718.00000000000	-0.83489443456293
718.40002441406	-0.84130633363363
718.79998779297	-0.84778270067252
719.20001220703	-0.85432665915293
719.59997558594	-0.86093423894917
720.00000000000	-0.86760744260753
720.40002441406	-0.87434499523156
720.79998779297	-0.88114649224245
721.20001220703	-0.88801028884997
721.59997558594	-0.89493800835647
722.00000000000	-0.90192635388511
722.40002441406	-0.90897773868840
722.79998779297	-0.91609014483869
723.20001220703	-0.92326278472866
723.59997558594	-0.93049556299165
724.00000000000	-0.93778796455991
724.40002441406	-0.94513884963186
724.79998779297	-0.95254952557441
725.20001220703	-0.96001871297442
725.59997558594	-0.96754424371579
726.00000000000	-0.97512806690377
726.40002441406	-0.98276826430420
726.79998779297	-0.99046524188109
727.20001220703	-0.99821758813844
727.59997558594	-1.0060263610717
728.00000000000	-1.0138891070490
728.40002441406	-1.0218072684673
728.79998779297	-1.0297802102170
729.20001220703	-1.0378063688899
729.59997558594	-1.0458860283160
730.00000000000	-1.0540189237522
730.40002441406	-1.0622062475402
730.79998779297	-1.0704441760771
731.20001220703	-1.0787358941434
731.59997558594	-1.0870787930789
732.00000000000	-1.0954732743471
732.40002441406	-1.1039201308304
732.79998779297	-1.1124170826949
733.20001220703	-1.1209661723486
733.59997558594	-1.1295655865555
734.00000000000	-1.1382156376230
734.40002441406	-1.1469160142221
734.79998779297	-1.1556663039518
735.20001220703	-1.1644672591855
735.59997558594	-1.1733187573532
736.00000000000	-1.1822198266733
736.40002441406	-1.1911701986529
736.79998779297	-1.2001715875407
737.20001220703	-1.2092223403815
737.59997558594	-1.2183231435910
738.00000000000	-1.2274738309523
738.40002441406	-1.2366742387564
738.79998779297	-1.2459249858934
739.20001220703	-1.2552256998989
739.59997558594	-1.2645761126746
740.00000000000	-1.2739775013030
740.40002441406	-1.2834285857574
740.79998779297	-1.2929319744908
741.20001220703	-1.3024849285117
741.59997558594	-1.3120889271778
742.00000000000	-1.3217443547972
742.40002441406	-1.3314514543638
742.79998779297	-1.3412113801913
743.20001220703	-1.3510220107573
743.59997558594	-1.3608861907895
744.00000000000	-1.3708032406293
744.40002441406	-1.3807744160522
744.79998779297	-1.3907986984283
745.20001220703	-1.4008766628632
745.59997558594	-1.4110097719903
746.00000000000	-1.4211983418244
746.40002441406	-1.4314428402127
746.79998779297	-1.4417428960768
747.20001220703	-1.4521011125025
747.59997558594	-1.4625158524372
748.00000000000	-1.4729889346360
748.40002441406	-1.4835204455411
748.79998779297	-1.4941118289176
749.20001220703	-1.5047637467406
749.59997558594	-1.5154755935655
750.00000000000	-1.5262490992049
750.40002441406	-1.5370855985388
750.79998779297	-1.5479860456431
751.20001220703	-1.5589488382654
751.59997558594	-1.5699781571282
752.00000000000	-1.5810722023812
752.40002441406	-1.5922328999421
752.79998779297	-1.6034616346702
753.20001220703	-1.6147596517723
753.59997558594	-1.6261262261790
754.00000000000	-1.6375640728826
754.40002441406	-1.6490731529106
754.79998779297	-1.6606546234810
755.20001220703	-1.6723098719369
755.59997558594	-1.6840401513651
756.00000000000	-1.6958472778676
756.40002441406	-1.7077306559332
756.79998779297	-1.7196925814976
757.20001220703	-1.7317334557271
757.59997558594	-1.7438554559105
758.00000000000	-1.7560592481187
758.40002441406	-1.7683467197655
758.79998779297	-1.7807179269584
759.20001220703	-1.7931757832284
759.59997558594	-1.8057198205961
760.00000000000	-1.8183536306584
760.40002441406	-1.8310767072869
760.79998779297	-1.8438901089442
761.20001220703	-1.8567970464573
761.59997558594	-1.8697980615196
762.00000000000	-1.8828950245242
762.40002441406	-1.8960891530612
762.79998779297	-1.9093816717646
763.20001220703	-1.9227738123145
763.59997558594	-1.9362673680892
764.00000000000	-1.9498649641703
764.40002441406	-1.9635671227413
764.79998779297	-1.9773757120133
765.20001220703	-1.9912919436268
765.59997558594	-2.0053177470662
766.00000000000	-2.0194555975738
766.40002441406	-2.0337061797506
766.79998779297	-2.0480707178625
767.20001220703	-2.0625529500485
767.59997558594	-2.0771530248424
768.00000000000	-2.0918720764773
768.40002441406	-2.1067133944808
768.79998779297	-2.1216782863591
769.20001220703	-2.1367680406664
769.59997558594	-2.1519852317848
770.00000000000	-2.1673311880328
770.40002441406	-2.1828079375739
770.79998779297	-2.1984174679108
771.20001220703	-2.2141617600765
771.59997558594	-2.2300422489604
772.00000000000	-2.2460609288031
772.40002441406	-2.2622198779261
772.79998779297	-2.2785210872928
773.20001220703	-2.2949668263579
773.59997558594	-2.3115584166491
774.00000000000	-2.3282986920421
774.40002441406	-2.3451884696089
774.79998779297	-2.3622312314462
775.20001220703	-2.3794272385413
775.59997558594	-2.3967820225352
776.00000000000	-2.4142931358744
776.40002441406	-2.4319648400984
776.79998779297	-2.4498001505401
777.20001220703	-2.4677993255439
777.59997558594	-2.4859653971875
778.00000000000	-2.5043014407288
778.40002441406	-2.5228078272625
778.79998779297	-2.5414883569618
779.20001220703	-2.5603441127739
779.59997558594	-2.5793769277833
780.00000000000	-2.5985907499847
780.40002441406	-2.6179867335009
780.79998779297	-2.6375682137621
781.20001220703	-2.6573343529124
781.59997558594	-2.6772906178062
782.00000000000	-2.6974383596980
782.40002441406	-2.7177796508867
782.79998779297	-2.7383158757521
783.20001220703	-2.7590534485047
783.59997558594	-2.7799888927927
784.00000000000	-2.8011287023638
784.40002441406	-2.8224737476823
784.79998779297	-2.8440263426438
785.20001220703	-2.8657895993417
785.59997558594	-2.8877652136985
786.00000000000	-2.9099571210373
786.40002441406	-2.9323656758977
786.79998779297	-2.9549956327805
787.20001220703	-2.9778467279452
787.59997558594	-3.0009231022605
788.00000000000	-3.0242275088926
788.40002441406	-3.0477627592686
788.79998779297	-3.0715302490801
789.20001220703	-3.0955329046810
789.59997558594	-3.1197737130764
790.00000000000	-3.1442557317575
790.40002441406	-3.1689805937015
790.79998779297	-3.1939514821799
791.20001220703	-3.2191709018373
791.59997558594	-3.2446421752316
792.00000000000	-3.2703671924582
792.40002441406	-3.2963486605494
792.79998779297	-3.3225901164219
793.20001220703	-3.3490936563957
793.59997558594	-3.3758622059888
794.00000000000	-3.4028987675363
794.40002441406	-3.4302064219640
794.79998779297	-3.4577883308642
795.20001220703	-3.4856446454304
795.59997558594	-3.5137825453970
796.00000000000	-3.5422023405207
796.40002441406	-3.5709067327910
796.79998779297	-3.5998992886516
797.20001220703	-3.6291852400905
797.59997558594	-3.6587636260557
798.00000000000	-3.6886414330401
798.40002441406	-3.7188186445357
798.79998779297	-3.7493000749597
799.20001220703	-3.7800874457775
799.59997558594	-3.8111857781006
800.00000000000	-3.8425969819181
800.40002441406	-3.8743254782339
800.79998779297	-3.9063733591189
801.20001220703	-3.9387436093480
801.59997558594	-3.9714417858077
802.00000000000	-4.0044694437738
802.40002441406	-4.0378299034643
802.79998779297	-4.0715281961622
803.20001220703	-4.1055661866879
803.59997558594	-4.1399483382153
804.00000000000	-4.1746775467909
804.40002441406	-4.2097576267060
804.79998779297	-4.2451925750769
805.20001220703	-4.2809864279357
805.59997558594	-4.3171416724757
806.00000000000	-4.3536634896425
806.40002441406	-4.3905545827951
806.79998779297	-4.4278195069287
807.20001220703	-4.4654620348782
807.59997558594	-4.5034861627844
808.00000000000	-4.5418958946344
808.40002441406	-4.5806945688249
808.79998779297	-4.6198890948340
809.20001220703	-4.6594795783904
809.59997558594	-4.6994740430495
810.00000000000	-4.7398745891891
810.40002441406	-4.7806860948426
810.79998779297	-4.8219126044704
811.20001220703	-4.8635601371400
811.59997558594	-4.9056312575639
812.00000000000	-4.9481323025240
812.40002441406	-4.9910669930253
812.79998779297	-5.0344401101893
813.20001220703	-5.0782575664909
813.59997558594	-5.1225225687206
814.00000000000	-5.1672413222668
814.40002441406	-5.2124192218835
814.79998779297	-5.2580599512061
815.20001220703	-5.3041701754711
815.59997558594	-5.3507547537487
816.00000000000	-5.3978189168453
816.40002441406	-5.4453688258901
816.79998779297	-5.4934108552332
817.20001220703	-5.5419467537917
817.59997558594	-5.5909871920615
818.00000000000	-5.6405360682152
818.40002441406	-5.6905995997901
818.79998779297	-5.7411831108335
819.20001220703	-5.7922935673269
819.59997558594	-5.8439381488942
820.00000000000	-5.8961212353804
820.40002441406	-5.9488503371931
820.79998779297	-6.0021338303281
821.20001220703	-6.0559772067225
821.59997558594	-6.1103874356923
822.00000000000	-6.1653720733125
822.40002441406	-6.2209381105290
822.79998779297	-6.2770940140774
823.20001220703	-6.3338459107542
823.59997558594	-6.3912020446603
824.00000000000	-6.4491704688705
824.40002441406	-6.5077596264871
824.79998779297	-6.5669771992124
825.20001220703	-6.6268325136609
825.59997558594	-6.6873335173285
826.00000000000	-6.7484892122296
826.40002441406	-6.8103087184888
826.79998779297	-6.8728007915748
827.20001220703	-6.9359763132355
827.59997558594	-6.9998434049062
828.00000000000	-7.0644121482644
828.40002441406	-7.1296937519757
828.79998779297	-7.1956983754954
829.20001220703	-7.2624345419213
829.59997558594	-7.3299169406812
830.00000000000	-7.3981538781888
830.40002441406	-7.4671577924729
830.79998779297	-7.5369403803003
831.20001220703	-7.6075131513511
831.59997558594	-7.6788898352750
832.00000000000	-7.7510814630899
832.40002441406	-7.8241022505317
832.79998779297	-7.8979646440534
833.20001220703	-7.9726842272756
833.59997558594	-8.0482725074909
834.00000000000	-8.1247456599074
834.40002441406	-8.2021187832871
834.79998779297	-8.2804062617095
835.20001220703	-8.3596245299177
835.59997558594	-8.4397891462626
836.00000000000	-8.5209181466080
836.40002441406	-8.6030267053693
836.79998779297	-8.6861349229476
837.20001220703	-8.7702589121735
837.59997558594	-8.8554191115985
838.00000000000	-8.9416337644651
838.40002441406	-9.0289231819211
838.79998779297	-9.1173074724068
839.20001220703	-9.2068094709200
839.59997558594	-9.2974501297417
840.00000000000	-9.3892515334194
840.40002441406	-9.4822378727842
840.79998779297	-9.5764342953101
841.20001220703	-9.6718632766672
841.59997558594	-9.7685536580005
842.00000000000	-9.8665308923607
842.40002441406	-9.9658223333423
842.79998779297	-10.066456800019
843.20001220703	-10.168464436748
843.59997558594	-10.271876944027
844.00000000000	-10.376724142469
844.40002441406	-10.483042066829
844.79998779297	-10.590861614652
845.20001220703	-10.700221517047
845.59997558594	-10.811158483513
846.00000000000	-10.923709664383
846.40002441406	-11.037918097116
846.79998779297	-11.153822816815
847.20001220703	-11.271467342330
847.59997558594	-11.390899026345
848.00000000000	-11.512163841135
848.40002441406	-11.635312472669
848.79998779297	-11.760393470932
849.20001220703	-11.887463740993
849.59997558594	-12.016577970785
850.00000000000	-12.147794268175
850.40002441406	-12.281175939371
850.79998779297	-12.416785296102
851.20001220703	-12.554690003063
851.59997558594	-12.694962307307
852.00000000000	-12.837674804194
852.40002441406	-12.982905338795
852.79998779297	-13.130737494220
853.20001220703	-13.281255695055
853.59997558594	-13.434550778738
854.00000000000	-13.590718379257
854.40002441406	-13.749859167251
854.79998779297	-13.912080294448
855.20001220703	-14.077492297424
855.59997558594	-14.246216069627
856.00000000000	-14.418376307818
856.40002441406	-14.594107497048
856.79998779297	-14.773550137511
857.20001220703	-14.956855985599
857.59997558594	-15.144184277645
858.00000000000	-15.335706569582
858.40002441406	-15.531604937911
858.79998779297	-15.732073332388
859.20001220703	-15.937320238464
859.59997558594	-16.147570541570
860.00000000000	-16.363061486700
860.40002441406	-16.584052407933
860.79998779297	-16.810819387766
861.20001220703	-17.043663764653
861.59997558594	-17.282907125073
862.00000000000	-17.528902773367
862.40002441406	-17.782030110120
862.79998779297	-18.042704591184
863.20001220703	-18.311379165062
863.59997558594	-18.588547725267
864.00000000000	-18.874753972752
864.40002441406	-19.170595586656
864.79998779297	-19.476731600326
865.20001220703	-19.793891610061
865.59997558594	-20.122886106169
866.00000000000	-20.464619272240
866.40002441406	-20.820104926925
866.79998779297	-21.190479478661
867.20001220703	-21.577029455349
867.59997558594	-21.981215389392
868.00000000000	-22.404704439354
868.40002441406	-22.849410822771
868.79998779297	-23.317546722555
869.20001220703	-23.811689060366
869.59997558594	-24.334856029881
870.00000000000	-24.890623658637
870.40002441406	-25.483257794706
870.79998779297	-26.117904939712
871.20001220703	-26.800845722114
871.59997558594	-27.539841694163
872.00000000000	-28.344612046328
872.40002441406	-29.227523835962
872.79998779297	-30.204556659622
873.20001220703	-31.296692567057
873.59997558594	-32.531847901784
874.00000000000	-33.947246795042
874.40002441406	-35.590928908440
874.79998779297	-37.515075394014
875.20001220703	-39.726180757842
875.59997558594	-41.953160166268
876.00000000000	-43.105447036872
876.40002441406	-42.089926512103
876.79998779297	-39.900402513826
877.20001220703	-37.686692972399
877.59997558594	-35.755203645745
878.00000000000	-34.107037274750
878.40002441406	-32.690590551728
878.79998779297	-31.457174271221
879.20001220703	-30.368879842129
879.59997558594	-29.397261990494
880.00000000000	-28.520952938270
880.40002441406	-27.723693139498
880.79998779297	-26.992917716198
881.20001220703	-26.318754489958
881.59997558594	-25.693332667011
882.00000000000	-25.110286257727
882.40002441406	-24.564403643800
882.79998779297	-24.051366403057
883.20001220703	-23.567560411405
883.59997558594	-23.109930920486
884.00000000000	-22.675876076036
884.40002441406	-22.263162655338
884.79998779297	-21.869856170809
885.20001220703	-21.494275305686
885.59997558594	-21.134946806120
886.00000000000	-20.790573133439
886.40002441406	-20.460008125117
886.79998779297	-20.142230085855
887.20001220703	-19.836327420149
887.59997558594	-19.541483616422
888.00000000000	-19.256963558210
888.40002441406	-18.982102842557
888.79998779297	-18.716301056959
889.20001220703	-18.459009519253
889.59997558594	-18.209730455753
890.00000000000	-17.968008169118
890.40002441406	-17.733425965291
890.79998779297	-17.505597886418
891.20001220703	-17.284172261816
891.59997558594	-17.068822402456
892.00000000000	-16.859247461629
892.40002441406	-16.655166953440
892.79998779297	-16.456323195891
893.20001220703	-16.262472405076
893.59997558594	-16.073391319883
894.00000000000	-15.888870393894
894.40002441406	-15.708713533557
894.79998779297	-15.532735744869
895.20001220703	-15.360766339868
895.59997558594	-15.192644968206
896.00000000000	-15.028216941823
896.40002441406	-14.867341489364
896.79998779297	-14.709884096380
897.20001220703	-14.555716505644
897.59997558594	-14.404720918849
898.00000000000	-14.256781311334
898.40002441406	-14.111792043520
898.79998779297	-13.969651550378
899.20001220703	-13.830263238998
899.59997558594	-13.693535681206
900.00000000000	-13.559381634888
900.40002441406	-13.427718855037
900.79998779297	-13.298468498124
901.20001220703	-13.171555486474
901.59997558594	-13.046907935709
902.00000000000	-12.924459765403
902.40002441406	-12.804143369258
902.79998779297	-12.685898084154
903.20001220703	-12.569664780722
903.59997558594	-12.455385333678
904.00000000000	-12.343005800800
904.40002441406	-12.232475138192
904.79998779297	-12.123740923283
905.20001220703	-12.016757709419
905.59997558594	-11.911478215290
906.00000000000	-11.807859021704
906.40002441406	-11.705856509634
906.79998779297	-11.605430674707
907.20001220703	-11.506542641986
907.59997558594	-11.409152561304
908.00000000000	-11.313226299784
908.40002441406	-11.218728208066
908.79998779297	-11.125624334371
909.20001220703	-11.033881902686
909.59997558594	-10.943468133703
910.00000000000	-10.854355627681
910.40002441406	-10.766512977772
910.79998779297	-10.679911690259
911.20001220703	-10.594525907134
911.59997558594	-10.510327096403
912.00000000000	-10.427291994213
912.40002441406	-10.345393921909
912.79998779297	-10.264609014370
913.20001220703	-10.184915082009
913.59997558594	-10.106289594137
914.00000000000	-10.028710287184
914.40002441406	-9.9521541344329
914.79998779297	-9.8766032021419
915.20001220703	-9.8020369456668
915.59997558594	-9.7284346402555
916.00000000000	-9.6557794165922
916.40002441406	-9.5840517585485
916.79998779297	-9.5132345258028
917.20001220703	-9.4433103774455
917.59997558594	-9.3742629097082
918.00000000000	-9.3060744713960
918.40002441406	-9.2387308280795
918.79998779297	-9.1722152611982
919.20001220703	-9.1065136773014
919.59997558594	-9.0416103100142
920.00000000000	-8.9774933311359
920.40002441406	-8.9141460296034
920.79998779297	-8.8515556266692
921.20001220703	-8.7897105749924
921.59997558594	-8.7285955255810
922.00000000000	-8.6682002592101
922.40002441406	-8.6085111586694
922.79998779297	-8.5495172374027
923.20001220703	-8.4912050976498
923.59997558594	-8.4335651577622
924.00000000000	-8.3765854778989
924.40002441406	-8.3202561764573
924.79998779297	-8.2645644652849
925.20001220703	-8.2095022473176
925.59997558594	-8.1550579554838
926.00000000000	-8.1012226872380
926.40002441406	-8.0479860641026
926.79998779297	-7.9953386253203
927.20001220703	-7.9432718786737
927.59997558594	-7.8917766452761
928.00000000000	-7.8408420776588
928.40002441406	-7.7904623286304
928.79998779297	-7.7406264571261
929.20001220703	-7.6913289434342
929.59997558594	-7.6425586852101
930.00000000000	-7.5943090747598
930.40002441406	-7.5465720112295
930.79998779297	-7.4993407280047
931.20001220703	-7.4526062679640
931.59997558594	-7.4063620479008
932.00000000000	-7.3606007319874
932.40002441406	-7.3153145908689
932.79998779297	-7.2704984343893
933.20001220703	-7.2261436348814
933.59997558594	-7.1822436968540
934.00000000000	-7.1387930775840
934.40002441406	-7.0957841578992
934.79998779297	-7.0532121774474
935.20001220703	-7.0110689490614
935.59997558594	-6.9693491894718
936.00000000000	-6.9280480675827
936.40002441406	-6.8871585911520
936.79998779297	-6.8466743907619
937.20001220703	-6.8065900161946
937.59997558594	-6.7669015975524
938.00000000000	-6.7276010460741
938.40002441406	-6.6886847431780
938.79998779297	-6.6501470798213
939.20001220703	-6.6119823291160
939.59997558594	-6.5741865137845
940.00000000000	-6.5367531036684
940.40002441406	-6.4996780234636
940.79998779297	-6.4629558285444
941.20001220703	-6.4265828196115
941.59997558594	-6.3905525068107
942.00000000000	-6.3548625222990
942.40002441406	-6.3195057695046
942.79998779297	-6.2844808825511
943.20001220703	-6.2497804528036
943.59997558594	-6.2154008842856
944.00000000000	-6.1813384461854
944.40002441406	-6.1475896158352
944.79998779297	-6.1141490788705
945.20001220703	-6.0810125359955
945.59997558594	-6.0481764076492
946.00000000000	-6.0156372964039
946.40002441406	-5.9833909648508
946.79998779297	-5.9514334565958
947.20001220703	-5.9197603697328
947.59997558594	-5.8883697584172
948.00000000000	-5.8572559417289
948.40002441406	-5.8264170224432
948.79998779297	-5.7958465482544
949.20001220703	-5.7655457198246
949.59997558594	-5.7355063609723
950.00000000000	-5.7057287704993
950.40002441406	-5.6762066368327
950.79998779297	-5.6469376257849
951.20001220703	-5.6179195845210
951.59997558594	-5.5891482388887
952.00000000000	-5.5606205589466
952.40002441406	-5.5323343687293
952.79998779297	-5.5042846730991
953.20001220703	-5.4764705483940
953.59997558594	-5.4488880356927
954.00000000000	-5.4215343098506
954.40002441406	-5.3944065837496
954.79998779297	-5.3675011185483
955.20001220703	-5.3408161164452
955.59997558594	-5.3143480515629
956.00000000000	-5.2880961621236
956.40002441406	-5.2620559102474
956.79998779297	-5.2362239548068
957.20001220703	-5.2105996852726
957.59997558594	-5.1851786615599
958.00000000000	-5.1599603687256
958.40002441406	-5.1349416190616
958.79998779297	-5.1101180342004
959.20001220703	-5.0854903171413
959.59997558594	-5.0610532767884
960.00000000000	-5.0368065969561
960.40002441406	-5.0127471766399
960.79998779297	-4.9888737470544
961.20001220703	-4.9651814417353
961.59997558594	-4.9416700023488
962.00000000000	-4.9183355372276
962.40002441406	-4.8951797109564
962.79998779297	-4.8721967439600
963.20001220703	-4.8493875978366
963.59997558594	-4.8267464784491
964.00000000000	-4.8042734969628
964.40002441406	-4.7819674287794
964.79998779297	-4.7598247875292
965.20001220703	-4.7378435425799
965.59997558594	-4.7160240137971
966.00000000000	-4.6943612699454
966.40002441406	-4.6728564583501
966.79998779297	-4.6515051878808
967.20001220703	-4.6303073727067
967.59997558594	-4.6092597186115
968.00000000000	-4.5883630408021
968.40002441406	-4.5676137315407
968.79998779297	-4.5470096642512
969.20001220703	-4.5265508057609
969.59997558594	-4.5062347034648
970.00000000000	-4.4860593396901
970.40002441406	-4.4660244663152
970.79998779297	-4.4461277057747
971.20001220703	-4.4263661866111
971.59997558594	-4.4067406388642
972.00000000000	-4.3872482140875
972.40002441406	-4.3678894028663
972.79998779297	-4.3486599114646
973.20001220703	-4.3295614629625
973.59997558594	-4.3105894914457
974.00000000000	-4.2917451475094
974.40002441406	-4.2730267072126
974.79998779297	-4.2544300437849
975.20001220703	-4.2359582168245
975.59997558594	-4.2176076680657
976.00000000000	-4.1993770798747
976.40002441406	-4.1812656106940
976.79998779297	-4.1632731325524
977.20001220703	-4.1453963291149
977.59997558594	-4.1276351660210
978.00000000000	-4.1099899924466
978.40002441406	-4.0924574798263
978.79998779297	-4.0750364002484
979.20001220703	-4.0577271214917
979.59997558594	-4.0405284179643
980.00000000000	-4.0234386459811
980.40002441406	-4.0064570347458
980.79998779297	-3.9895843876860
981.20001220703	-3.9728162306949
981.59997558594	-3.9561533652552
982.00000000000	-3.9395955733086
982.40002441406	-3.9231420116282
982.79998779297	-3.9067906344140
983.20001220703	-3.8905401255366
983.59997558594	-3.8743908023629
984.00000000000	-3.8583423685428
984.40002441406	-3.8423936453411
984.79998779297	-3.8265415489908
985.20001220703	-3.8107877394025
985.59997558594	-3.7951307386189
986.00000000000	-3.7795703551264
986.40002441406	-3.7641053794028
986.79998779297	-3.7487354830188
987.20001220703	-3.7334586949847
987.59997558594	-3.7182754734580
988.00000000000	-3.7031846463095
988.40002441406	-3.6881860699174
988.79998779297	-3.6732793402785
989.20001220703	-3.6584616840119
989.59997558594	-3.6437344033121
990.00000000000	-3.6290964798545
990.40002441406	-3.6145482677385
990.79998779297	-3.6000881275151
991.20001220703	-3.5857139612405
991.59997558594	-3.5714286371154
992.00000000000	-3.5572297390021
992.40002441406	-3.5431153480728
992.79998779297	-3.5290872003788
993.20001220703	-3.5151438764780
993.59997558594	-3.5012850518843
994.00000000000	-3.4875104368253
994.40002441406	-3.4738175678721
994.79998779297	-3.4602097035248
995.20001220703	-3.4466837654707
995.59997558594	-3.4332386013210
996.00000000000	-3.4198755927080
996.40002441406	-3.4065941117244
996.79998779297	-3.3933932258718
997.20001220703	-3.3802718064378
997.59997558594	-3.3672308988937
998.00000000000	-3.3542686940987
998.40002441406	-3.3413866018244
998.79998779297	-3.3285819270986
999.20001220703	-3.3158560282347
999.59997558594	-3.3032075407206
1000.0000000000	-3.2906372019256
1000.4000244141	-3.2781428167022
1000.7999877930	-3.2657265834003
1001.2000122070	-3.2533856584556
1001.5999755859	-3.2411206801481
1002.0000000000	-3.2289317088220
1002.4000244141	-3.2168177088690
1002.7999877930	-3.2047794955283
1003.2000122070	-3.1928162241358
1003.5999755859	-3.1809255201816
1004.0000000000	-3.1691097203601
1004.4000244141	-3.1573677514129
1004.7999877930	-3.1456987953342
1005.2000122070	-3.1341032345738
1005.5999755859	-3.1225803843494
1006.0000000000	-3.1111294859683
1006.4000244141	-3.0997516889937
1006.7999877930	-3.0884441275316
1007.2000122070	-3.0772089787716
1007.5999755859	-3.0660443929131
1008.0000000000	-3.0549510665122
1008.4000244141	-3.0439284031547
1008.7999877930	-3.0329760830071
1009.2000122070	-3.0220937934273
1009.5999755859	-3.0112811644807
1010.0000000000	-3.0005376806677
1010.4000244141	-2.9898642692542
1010.7999877930	-2.9792585268629
1011.2000122070	-2.9687216725335
1011.5999755859	-2.9582528208942
1012.0000000000	-2.9478518606684
1012.4000244141	-2.9375192418130
1012.7999877930	-2.9272536860970
1013.2000122070	-2.9170547246791
1013.5999755859	-2.9069225320900
1014.0000000000	-2.8968570543495
1014.4000244141	-2.8868580752320
1014.7999877930	-2.8769245708083
1015.2000122070	-2.8670565524971
1015.5999755859	-2.8572539366550
1016.0000000000	-2.8475160481205
1016.4000244141	-2.8378419250432
1016.7999877930	-2.8282329750890
1017.2000122070	-2.8186880928563
1017.5999755859	-2.8092061892669
1018.0000000000	-2.7997891149625
1018.4000244141	-2.7904341675267
1018.7999877930	-2.7811412964067
1019.2000122070	-2.7719105029868
1019.5999755859	-2.7627432043358
1020.0000000000	-2.7536362563843
1020.4000244141	-2.7445902548657
1020.7999877930	-2.7356066774114
1021.2000122070	-2.7266824114802
1021.5999755859	-2.7178188382493
1022.0000000000	-2.7090153023510
1022.4000244141	-2.7002711138453
1022.7999877930	-2.6915862581102
1023.2000122070	-2.6829601872754
1023.5999755859	-2.6743921290393
1024.0000000000	-2.6658824002682
1024.4000244141	-2.6574300061503
1024.8000488281	-2.6490351074710
1025.1999511719	-2.6406965886965
1025.5999755859	-2.6324145783957
1026.0000000000	-2.6241890161560
1026.4000244141	-2.6160182517755
1026.8000488281	-2.6079031375096
1027.1999511719	-2.5998418112051
1027.5999755859	-2.5918361203353
1028.0000000000	-2.5838838282764
1028.4000244141	-2.5759851892898
1028.8000488281	-2.5681385809289
1029.1999511719	-2.5603461448064
1029.5999755859	-2.5526037850528
1030.0000000000	-2.5449136820987
1030.4000244141	-2.5372754791471
1030.8000488281	-2.5296876918822
1031.1999511719	-2.5221501644816
1031.5999755859	-2.5146618531854
1032.0000000000	-2.5072225876153
1032.4000244141	-2.4998327183311
1032.8000488281	-2.4924910683586
1033.1999511719	-2.4851967099400
1033.5999755859	-2.4779492306990
1034.0000000000	-2.4707487096016
1034.4000244141	-2.4635950417068
1034.8000488281	-2.4564868307666
1035.1999511719	-2.4494227092262
1035.5999755859	-2.4424034461427
1036.0000000000	-2.4354290157391
1036.4000244141	-2.4284982802808
1036.8000488281	-2.4216094695972
1037.1999511719	-2.4147637789196
1037.5999755859	-2.4079590805759
1038.0000000000	-2.4011971724940
1038.4000244141	-2.3944747826635
1038.8000488281	-2.3877938634992
1039.1999511719	-2.3811511329188
1039.5999755859	-2.3745481961052
1040.0000000000	-2.3679830497433
1040.4000244141	-2.3614561150165
1040.8000488281	-2.3549668116110
1041.1999511719	-2.3485139376936
1041.5999755859	-2.3420966578436
1042.0000000000	-2.3357157833506
1042.4000244141	-2.3293697340767
1042.8000488281	-2.3230579410415
1043.1999511719	-2.3167789558992
1043.5999755859	-2.3105347238013
1044.0000000000	-2.3043215406377
1044.4000244141	-2.2981413710274
1044.8000488281	-2.2919917431772
1045.1999511719	-2.2858728612802
1045.5999755859	-2.2797838247425
1046.0000000000	-2.2737256488527
1046.4000244141	-2.2676957013425
1046.8000488281	-2.2616936416807
1047.1999511719	-2.2557200555970
1047.5999755859	-2.2497726700419
1048.0000000000	-2.2438522753664
1048.4000244141	-2.2379578383530
1048.8000488281	-2.2320886855531
1049.1999511719	-2.2262437495116
1049.5999755859	-2.2204236296781
1050.0000000000	-2.2146264280456
1050.4000244141	-2.2088520413824
1050.8000488281	-2.2031007260470
1051.1999511719	-2.1973698720212
1051.5999755859	-2.1916606189308
1052.0000000000	-2.1859721673299
1052.4000244141	-2.1803037174311
1052.8000488281	-2.1746540656597
1053.1999511719	-2.1690239598465
1053.5999755859	-2.1634111834498
1054.0000000000	-2.1578173642864
1054.4000244141	-2.1522401479108
1054.8000488281	-2.1466781262105
1055.1999511719	-2.1411333408607
1055.5999755859	-2.1356042898315
1056.0000000000	-2.1300899420611
1056.4000244141	-2.1245899931377
1056.8000488281	-2.1191030671066
1057.1999511719	-2.1136298920212
1057.5999755859	-2.1081701241050
1058.0000000000	-2.1027226332879
1058.4000244141	-2.0972870312414
1058.8000488281	-2.0918630158128
1059.1999511719	-2.0864492402430
1059.5999755859	-2.0810463523290
1060.0000000000	-2.0756531485387
1060.4000244141	-2.0702693496538
1060.8000488281	-2.0648950906426
1061.1999511719	-2.0595290352898
1061.5999755859	-2.0541715267666
1062.0000000000	-2.0488227954658
1062.4000244141	-2.0434800863272
1062.8000488281	-2.0381455676199
1063.1999511719	-2.0328167922051
1063.5999755859	-2.0274948547033
1064.0000000000	-2.0221798092154
1064.4000244141	-2.0168693763807
1064.8000488281	-2.0115647999108
1065.1999511719	-2.0062649421509
1065.5999755859	-2.0009698801115
1066.0000000000	-1.9956787773691
1066.4000244141	-1.9903931470624
1066.8000488281	-1.9851093939199
1067.1999511719	-1.9798312049545
1067.5999755859	-1.9745559998747
1068.0000000000	-1.9692835310378
1068.4000244141	-1.9640144181504
1068.8000488281	-1.9587482607129
1069.1999511719	-1.9534852357994
1069.5999755859	-1.9482233479109
1070.0000000000	-1.9429659597005
1070.4000244141	-1.9377093147497
1070.8000488281	-1.9324550291757
1071.1999511719	-1.9272032978768
1071.5999755859	-1.9219533553822
1072.0000000000	-1.9167049641052
1072.4000244141	-1.9114593470036
1072.8000488281	-1.9062149341480
1073.1999511719	-1.9009726139340
1073.5999755859	-1.8957322324473
1074.0000000000	-1.8904934110315
1074.4000244141	-1.8852572526834
1074.8000488281	-1.8800225906759
1075.1999511719	-1.8747905229511
1075.5999755859	-1.8695596197173
1076.0000000000	-1.8643318411754
1076.4000244141	-1.8591058921392
1076.8000488281	-1.8538825228244
1077.1999511719	-1.8486627170700
1077.5999755859	-1.8434445515298
1078.0000000000	-1.8382304137468
1078.4000244141	-1.8330187566874
1078.8000488281	-1.8278112355702
1079.1999511719	-1.8226065918640
1079.5999755859	-1.8174068957050
1080.0000000000	-1.8122109963344
1080.4000244141	-1.8070204438855
1080.8000488281	-1.8018339366410
1081.1999511719	-1.7966518485625
1081.5999755859	-1.7914768284102
1082.0000000000	-1.7863071776304
1082.4000244141	-1.7811437793879
1082.8000488281	-1.7759874944052
1083.1999511719	-1.7708374227528
1083.5999755859	-1.7656949379503
1084.0000000000	-1.7605609382205
1084.4000244141	-1.7554346535004
1084.8000488281	-1.7503172820171
1085.1999511719	-1.7452098330577
1085.5999755859	-1.7401120397814
1086.0000000000	-1.7350242141809
1086.4000244141	-1.7299472654765
1086.8000488281	-1.7248812609132
1087.1999511719	-1.7198280234480
1087.5999755859	-1.7147866099233
1088.0000000000	-1.7097593723946
1088.4000244141	-1.7047438130526
1088.8000488281	-1.6997441489591
1089.1999511719	-1.6947588919359
1089.5999755859	-1.6897886627450
1090.0000000000	-1.6848348502026
1090.4000244141	-1.6798971396599
1090.8000488281	-1.6749778640217
1091.1999511719	-1.6700754406818
1091.5999755859	-1.6651931177530
1092.0000000000	-1.6603290191311
1092.4000244141	-1.6554846094370
1092.8000488281	-1.6506613506908
1093.1999511719	-1.6458597996688
1093.5999755859	-1.6410798418713
1094.0000000000	-1.6363229931615
1094.4000244141	-1.6315901184553
1094.8000488281	-1.6268812187705
1095.1999511719	-1.6221966747253
1095.5999755859	-1.6175386814690
1096.0000000000	-1.6129069213149
1096.4000244141	-1.6083021458048
1096.8000488281	-1.6037251510124
1097.1999511719	-1.5991768014767
1097.5999755859	-1.5946583776604
1098.0000000000	-1.5901696089790
1098.4000244141	-1.5857124631713
1098.8000488281	-1.5812858965467
1099.1999511719	-1.5768922436098
1099.5999755859	-1.5725318862383
1100.0000000000	-1.5682050453150
