#Parameters = {B=55; Cut=0.5; D_M=8.1; Feed=35.7; Feed_real=-8.2; Groudmax=0; LPiste=5.4; Largeur=27; TermA=92; Zmax=0.152; Zmin=0}
#"Frequency / MHz"	"S1,1 [Mag]"	"S1,1 [Pha / deg]"	"Ref.Imp. [Mag]"	"Ref.Imp. [Pha / deg]"
#-----------------------------------------------------------------------------------------
700.00000000000	0.93094073282242	34.718565876351	50.000000000000	0.0000000000000
700.40002441406	0.93061181300388	34.600382488773	50.000000000000	0.0000000000000
700.79998779297	0.93027481148787	34.481859501990	50.000000000000	0.0000000000000
701.20001220703	0.92992984121734	34.362993913620	50.000000000000	0.0000000000000
701.59997558594	0.92957677107990	34.243806330994	50.000000000000	0.0000000000000
702.00000000000	0.92921571208191	34.124293740278	50.000000000000	0.0000000000000
702.40002441406	0.92884661231491	34.004477684879	50.000000000000	0.0000000000000
702.79998779297	0.92846938206623	33.884350114407	50.000000000000	0.0000000000000
703.20001220703	0.92808409843160	33.763931458486	50.000000000000	0.0000000000000
703.59997558594	0.92769081926822	33.643220755601	50.000000000000	0.0000000000000
704.00000000000	0.92728935390205	33.522227220257	50.000000000000	0.0000000000000
704.40002441406	0.92687984047805	33.400964151977	50.000000000000	0.0000000000000
704.79998779297	0.92646225156262	33.279429516687	50.000000000000	0.0000000000000
705.20001220703	0.92603660768224	33.157632520893	50.000000000000	0.0000000000000
705.59997558594	0.92560297783923	33.035580367057	50.000000000000	0.0000000000000
706.00000000000	0.92516122966236	32.913288311006	50.000000000000	0.0000000000000
706.40002441406	0.92471151463134	32.790751338677	50.000000000000	0.0000000000000
706.79998779297	0.92425379814446	32.667980681538	50.000000000000	0.0000000000000
707.20001220703	0.92378814429783	32.544983579286	50.000000000000	0.0000000000000
707.59997558594	0.92331451769218	32.421764602861	50.000000000000	0.0000000000000
708.00000000000	0.92283289797504	32.298329860932	50.000000000000	0.0000000000000
708.40002441406	0.92234354485151	32.174685395997	50.000000000000	0.0000000000000
708.79998779297	0.92184632199834	32.050833086886	50.000000000000	0.0000000000000
709.20001220703	0.92134128171272	31.926793603418	50.000000000000	0.0000000000000
709.59997558594	0.92082842449186	31.802554640886	50.000000000000	0.0000000000000
710.00000000000	0.92030786995736	31.678129856619	50.000000000000	0.0000000000000
710.40002441406	0.91977965759051	31.553525079469	50.000000000000	0.0000000000000
710.79998779297	0.91924376364379	31.428739819796	50.000000000000	0.0000000000000
711.20001220703	0.91870027257655	31.303784677625	50.000000000000	0.0000000000000
711.59997558594	0.91814932281029	31.178661686796	50.000000000000	0.0000000000000
712.00000000000	0.91759083260149	31.053379034891	50.000000000000	0.0000000000000
712.40002441406	0.91702495395951	30.927940411703	50.000000000000	0.0000000000000
712.79998779297	0.91645162889652	30.802342202210	50.000000000000	0.0000000000000
713.20001220703	0.91587088525983	30.676597073647	50.000000000000	0.0000000000000
713.59997558594	0.91528304169365	30.550704744046	50.000000000000	0.0000000000000
714.00000000000	0.91468802666015	30.424675111985	50.000000000000	0.0000000000000
714.40002441406	0.91408572823231	30.298506490752	50.000000000000	0.0000000000000
714.79998779297	0.91347641194606	30.172200651532	50.000000000000	0.0000000000000
715.20001220703	0.91286009168313	30.045762143201	50.000000000000	0.0000000000000
715.59997558594	0.91223672877461	29.919197393218	50.000000000000	0.0000000000000
716.00000000000	0.91160657164629	29.792506761176	50.000000000000	0.0000000000000
716.40002441406	0.91096955045798	29.665693500373	50.000000000000	0.0000000000000
716.79998779297	0.91032566121746	29.538760609050	50.000000000000	0.0000000000000
717.20001220703	0.90967519476472	29.411713520805	50.000000000000	0.0000000000000
717.59997558594	0.90901805804138	29.284545530454	50.000000000000	0.0000000000000
718.00000000000	0.90835430389509	29.157266270764	50.000000000000	0.0000000000000
718.40002441406	0.90768400676303	29.029880309859	50.000000000000	0.0000000000000
718.79998779297	0.90700747229011	28.902379869622	50.000000000000	0.0000000000000
719.20001220703	0.90632438924702	28.774772312646	50.000000000000	0.0000000000000
719.59997558594	0.90563518713820	28.647056385297	50.000000000000	0.0000000000000
720.00000000000	0.90493967207392	28.519237479431	50.000000000000	0.0000000000000
720.40002441406	0.90423799213003	28.391313435697	50.000000000000	0.0000000000000
720.79998779297	0.90353020456478	28.263287410565	50.000000000000	0.0000000000000
721.20001220703	0.90281649553649	28.135153910444	50.000000000000	0.0000000000000
721.59997558594	0.90209671136416	28.006923311123	50.000000000000	0.0000000000000
722.00000000000	0.90137120961207	27.878586537849	50.000000000000	0.0000000000000
722.40002441406	0.90063975477202	27.750152428775	50.000000000000	0.0000000000000
722.79998779297	0.89990257135545	27.621612194790	50.000000000000	0.0000000000000
723.20001220703	0.89915975593771	27.492974262449	50.000000000000	0.0000000000000
723.59997558594	0.89841133332982	27.364230197639	50.000000000000	0.0000000000000
724.00000000000	0.89765737178885	27.235385128124	50.000000000000	0.0000000000000
724.40002441406	0.89689800400471	27.106435679095	50.000000000000	0.0000000000000
724.79998779297	0.89613310988980	26.977380356777	50.000000000000	0.0000000000000
725.20001220703	0.89536283656815	26.848226032590	50.000000000000	0.0000000000000
725.59997558594	0.89458742233786	26.718957471667	50.000000000000	0.0000000000000
726.00000000000	0.89380668113720	26.589590288531	50.000000000000	0.0000000000000
726.40002441406	0.89302082530905	26.460105881708	50.000000000000	0.0000000000000
726.79998779297	0.89222982784535	26.330514739489	50.000000000000	0.0000000000000
727.20001220703	0.89143384849931	26.200808596978	50.000000000000	0.0000000000000
727.59997558594	0.89063279337423	26.070989396165	50.000000000000	0.0000000000000
728.00000000000	0.88982692879699	25.941054129658	50.000000000000	0.0000000000000
728.40002441406	0.88901612149793	25.810999590822	50.000000000000	0.0000000000000
728.79998779297	0.88820045126685	25.680824409759	50.000000000000	0.0000000000000
729.20001220703	0.88738009257240	25.550522197240	50.000000000000	0.0000000000000
729.59997558594	0.88655503082255	25.420096730920	50.000000000000	0.0000000000000
730.00000000000	0.88572530754589	25.289541521817	50.000000000000	0.0000000000000
730.40002441406	0.88489081579911	25.158856744533	50.000000000000	0.0000000000000
730.79998779297	0.88405195969540	25.028031297041	50.000000000000	0.0000000000000
731.20001220703	0.88320842930341	24.897073677160	50.000000000000	0.0000000000000
731.59997558594	0.88236050452771	24.765955332374	50.000000000000	0.0000000000000
732.00000000000	0.88150815883150	24.634706022175	50.000000000000	0.0000000000000
732.40002441406	0.88065132621457	24.503322544068	50.000000000000	0.0000000000000
732.79998779297	0.87979025228989	24.371771144605	50.000000000000	0.0000000000000
733.20001220703	0.87892474446080	24.240086471219	50.000000000000	0.0000000000000
733.59997558594	0.87805500077432	24.108208538757	50.000000000000	0.0000000000000
734.00000000000	0.87718100395567	23.976168950519	50.000000000000	0.0000000000000
734.40002441406	0.87630279983304	23.843961241020	50.000000000000	0.0000000000000
734.79998779297	0.87542044435448	23.711619146164	50.000000000000	0.0000000000000
735.20001220703	0.87453387608346	23.579032781973	50.000000000000	0.0000000000000
735.59997558594	0.87364312195230	23.446309130410	50.000000000000	0.0000000000000
736.00000000000	0.87274829422924	23.313392981992	50.000000000000	0.0000000000000
736.40002441406	0.87184943424520	23.180286567172	50.000000000000	0.0000000000000
736.79998779297	0.87094638446182	23.046961472801	50.000000000000	0.0000000000000
737.20001220703	0.87003932539303	22.913471380182	50.000000000000	0.0000000000000
737.59997558594	0.86912820283481	22.779763640530	50.000000000000	0.0000000000000
738.00000000000	0.86821304815178	22.645838594099	50.000000000000	0.0000000000000
738.40002441406	0.86729389244218	22.511696591739	50.000000000000	0.0000000000000
738.79998779297	0.86637068872828	22.377335850571	50.000000000000	0.0000000000000
739.20001220703	0.86544348912577	22.242749727133	50.000000000000	0.0000000000000
739.59997558594	0.86451233525704	22.107929741692	50.000000000000	0.0000000000000
740.00000000000	0.86357711505520	21.972873666011	50.000000000000	0.0000000000000
740.40002441406	0.86263797101612	21.837568142907	50.000000000000	0.0000000000000
740.79998779297	0.86169465937274	21.702020765091	50.000000000000	0.0000000000000
741.20001220703	0.86074746746331	21.566220719052	50.000000000000	0.0000000000000
741.59997558594	0.85979626391904	21.430151231382	50.000000000000	0.0000000000000
742.00000000000	0.85884102634738	21.293824589768	50.000000000000	0.0000000000000
742.40002441406	0.85788174653583	21.157222811109	50.000000000000	0.0000000000000
742.79998779297	0.85691832652599	21.020345122731	50.000000000000	0.0000000000000
743.20001220703	0.85595099174492	20.883180274655	50.000000000000	0.0000000000000
743.59997558594	0.85497947788368	20.745731698482	50.000000000000	0.0000000000000
744.00000000000	0.85400386848231	20.607985317996	50.000000000000	0.0000000000000
744.40002441406	0.85302405675696	20.469938258355	50.000000000000	0.0000000000000
744.79998779297	0.85204015965546	20.331581976188	50.000000000000	0.0000000000000
745.20001220703	0.85105213756502	20.192913987468	50.000000000000	0.0000000000000
745.59997558594	0.85005986433130	20.053927471352	50.000000000000	0.0000000000000
746.00000000000	0.84906332661185	19.914612735821	50.000000000000	0.0000000000000
746.40002441406	0.84806249644545	19.774968958665	50.000000000000	0.0000000000000
746.79998779297	0.84705742796086	19.634986872048	50.000000000000	0.0000000000000
747.20001220703	0.84604788547757	19.494662014754	50.000000000000	0.0000000000000
747.59997558594	0.84503404710522	19.353984166553	50.000000000000	0.0000000000000
748.00000000000	0.84401575444877	19.212951146951	50.000000000000	0.0000000000000
748.40002441406	0.84299301815753	19.071556667895	50.000000000000	0.0000000000000
748.79998779297	0.84196571741607	18.929793192649	50.000000000000	0.0000000000000
749.20001220703	0.84093380785080	18.787655582068	50.000000000000	0.0000000000000
749.59997558594	0.83989736802927	18.645137946542	50.000000000000	0.0000000000000
750.00000000000	0.83885625076816	18.502226692564	50.000000000000	0.0000000000000
750.40002441406	0.83781034787970	18.358928663612	50.000000000000	0.0000000000000
750.79998779297	0.83675958858043	18.215232580711	50.000000000000	0.0000000000000
751.20001220703	0.83570414858240	18.071125850194	50.000000000000	0.0000000000000
751.59997558594	0.83464364719776	17.926610452370	50.000000000000	0.0000000000000
752.00000000000	0.83357827981425	17.781677526937	50.000000000000	0.0000000000000
752.40002441406	0.83250788391928	17.636321826353	50.000000000000	0.0000000000000
752.79998779297	0.83143234982521	17.490535722020	50.000000000000	0.0000000000000
753.20001220703	0.83035158196972	17.344314385799	50.000000000000	0.0000000000000
753.59997558594	0.82926567361053	17.197653149927	50.000000000000	0.0000000000000
754.00000000000	0.82817438973429	17.050543549229	50.000000000000	0.0000000000000
754.40002441406	0.82707775902327	16.902979976468	50.000000000000	0.0000000000000
754.79998779297	0.82597569648807	16.754959168654	50.000000000000	0.0000000000000
755.20001220703	0.82486809597289	16.606472794053	50.000000000000	0.0000000000000
755.59997558594	0.82375486486653	16.457515349854	50.000000000000	0.0000000000000
756.00000000000	0.82263585798560	16.308083365511	50.000000000000	0.0000000000000
756.40002441406	0.82151115928643	16.158168584814	50.000000000000	0.0000000000000
756.79998779297	0.82038057943349	16.007771474540	50.000000000000	0.0000000000000
757.20001220703	0.81924410911673	15.856875744103	50.000000000000	0.0000000000000
757.59997558594	0.81810157206795	15.705484559566	50.000000000000	0.0000000000000
758.00000000000	0.81695293542809	15.553590526632	50.000000000000	0.0000000000000
758.40002441406	0.81579805210837	15.401188371018	50.000000000000	0.0000000000000
758.79998779297	0.81463694791349	15.248269332349	50.000000000000	0.0000000000000
759.20001220703	0.81346938120423	15.094835113512	50.000000000000	0.0000000000000
759.59997558594	0.81229542828595	14.940873591749	50.000000000000	0.0000000000000
760.00000000000	0.81111478625949	14.786386219606	50.000000000000	0.0000000000000
760.40002441406	0.80992753642895	14.631361629194	50.000000000000	0.0000000000000
760.79998779297	0.80873361429925	14.475798727410	50.000000000000	0.0000000000000
761.20001220703	0.80753275600628	14.319692288261	50.000000000000	0.0000000000000
761.59997558594	0.80632494740707	14.163037793456	50.000000000000	0.0000000000000
762.00000000000	0.80511005167112	14.005830636126	50.000000000000	0.0000000000000
762.40002441406	0.80388799360754	13.848066042159	50.000000000000	0.0000000000000
762.79998779297	0.80265869824049	13.689739101555	50.000000000000	0.0000000000000
763.20001220703	0.80142209082202	13.530844766360	50.000000000000	0.0000000000000
763.59997558594	0.80017804574859	13.371380911661	50.000000000000	0.0000000000000
764.00000000000	0.79892636213901	13.211341023616	50.000000000000	0.0000000000000
764.40002441406	0.79766703394919	13.050721690381	50.000000000000	0.0000000000000
764.79998779297	0.79639993223081	12.889519244027	50.000000000000	0.0000000000000
765.20001220703	0.79512498944349	12.727729936202	50.000000000000	0.0000000000000
765.59997558594	0.79384207337037	12.565348721388	50.000000000000	0.0000000000000
766.00000000000	0.79255100336212	12.402374439331	50.000000000000	0.0000000000000
766.40002441406	0.79125176359739	12.238799808238	50.000000000000	0.0000000000000
766.79998779297	0.78994428982432	12.074621502807	50.000000000000	0.0000000000000
767.20001220703	0.78862829052617	11.909841756924	50.000000000000	0.0000000000000
767.59997558594	0.78730380207632	11.744449785799	50.000000000000	0.0000000000000
768.00000000000	0.78597077200599	11.578446023755	50.000000000000	0.0000000000000
768.40002441406	0.78462895410985	11.411826985905	50.000000000000	0.0000000000000
768.79998779297	0.78327828322549	11.244588478913	50.000000000000	0.0000000000000
769.20001220703	0.78191869699323	11.076727232463	50.000000000000	0.0000000000000
769.59997558594	0.78055001859810	10.908242565055	50.000000000000	0.0000000000000
770.00000000000	0.77917218492385	10.739130861661	50.000000000000	0.0000000000000
770.40002441406	0.77778507133331	10.569388086450	50.000000000000	0.0000000000000
770.79998779297	0.77638855843110	10.399012161271	50.000000000000	0.0000000000000
771.20001220703	0.77498252899785	10.228001903299	50.000000000000	0.0000000000000
771.59997558594	0.77356691606567	10.056351916577	50.000000000000	0.0000000000000
772.00000000000	0.77214160421331	9.8840617518457	50.000000000000	0.0000000000000
772.40002441406	0.77070647221072	9.7111285976997	50.000000000000	0.0000000000000
772.79998779297	0.76926140829005	9.5375538181659	50.000000000000	0.0000000000000
773.20001220703	0.76780627775123	9.3633287385252	50.000000000000	0.0000000000000
773.59997558594	0.76634103141947	9.1884558073010	50.000000000000	0.0000000000000
774.00000000000	0.76486548821343	9.0129327063842	50.000000000000	0.0000000000000
774.40002441406	0.76337964661646	8.8367564526764	50.000000000000	0.0000000000000
774.79998779297	0.76188327230077	8.6599283225357	50.000000000000	0.0000000000000
775.20001220703	0.76037641572437	8.4824415512165	50.000000000000	0.0000000000000
775.59997558594	0.75885866745495	8.3043006113639	50.000000000000	0.0000000000000
776.00000000000	0.75733031806976	8.1254985488056	50.000000000000	0.0000000000000
776.40002441406	0.75579107306608	7.9460375909779	50.000000000000	0.0000000000000
776.79998779297	0.75424074961082	7.7659155936960	50.000000000000	0.0000000000000
777.20001220703	0.75267940638469	7.5851311145807	50.000000000000	0.0000000000000
777.59997558594	0.75110686285235	7.4036838885520	50.000000000000	0.0000000000000
778.00000000000	0.74952293741206	7.2215733891057	50.000000000000	0.0000000000000
778.40002441406	0.74792768403635	7.0387965847515	50.000000000000	0.0000000000000
778.79998779297	0.74632086281472	6.8553548196663	50.000000000000	0.0000000000000
779.20001220703	0.74470247011079	6.6712475644723	50.000000000000	0.0000000000000
779.59997558594	0.74307243942432	6.4864730007793	50.000000000000	0.0000000000000
780.00000000000	0.74143052560863	6.3010306564467	50.000000000000	0.0000000000000
780.40002441406	0.73977672498052	6.1149217692836	50.000000000000	0.0000000000000
780.79998779297	0.73811084990466	5.9281454765410	50.000000000000	0.0000000000000
781.20001220703	0.73643306968097	5.7406995737820	50.000000000000	0.0000000000000
781.59997558594	0.73474302018327	5.5525871226965	50.000000000000	0.0000000000000
782.00000000000	0.73304068943151	5.3638063950823	50.000000000000	0.0000000000000
782.40002441406	0.73132600636542	5.1743571256294	50.000000000000	0.0000000000000
782.79998779297	0.72959895992036	4.9842402216384	50.000000000000	0.0000000000000
783.20001220703	0.72785911922167	4.7934569009119	50.000000000000	0.0000000000000
783.59997558594	0.72610688595427	4.6020049062011	50.000000000000	0.0000000000000
784.00000000000	0.72434182815644	4.4098867765856	50.000000000000	0.0000000000000
784.40002441406	0.72256398754643	4.2171017407830	50.000000000000	0.0000000000000
784.79998779297	0.72077328739854	4.0236517015065	50.000000000000	0.0000000000000
785.20001220703	0.71896958745084	3.8295360531386	50.000000000000	0.0000000000000
785.59997558594	0.71715286759130	3.6347565990496	50.000000000000	0.0000000000000
786.00000000000	0.71532292534623	3.4393132206346	50.000000000000	0.0000000000000
786.40002441406	0.71347985635192	3.2432071114368	50.000000000000	0.0000000000000
786.79998779297	0.71162339672189	3.0464401168756	50.000000000000	0.0000000000000
787.20001220703	0.70975369736685	2.8490120366865	50.000000000000	0.0000000000000
787.59997558594	0.70787055068255	2.6509246800790	50.000000000000	0.0000000000000
788.00000000000	0.70597386612798	2.4521789791284	50.000000000000	0.0000000000000
788.40002441406	0.70406355154056	2.2527761291698	50.000000000000	0.0000000000000
788.79998779297	0.70213963238055	2.0527176975023	50.000000000000	0.0000000000000
789.20001220703	0.70020201265919	1.8520047521576	50.000000000000	0.0000000000000
789.59997558594	0.69825059483568	1.6506392328819	50.000000000000	0.0000000000000
790.00000000000	0.69628527912608	1.4486224291298	50.000000000000	0.0000000000000
790.40002441406	0.69430608311575	1.2459559835225	50.000000000000	0.0000000000000
790.79998779297	0.69231290304666	1.0426414267746	50.000000000000	0.0000000000000
791.20001220703	0.69030569275788	0.83868055402262	50.000000000000	0.0000000000000
791.59997558594	0.68828434433918	0.63407523689018	50.000000000000	0.0000000000000
792.00000000000	0.68624886690600	0.42882729932707	50.000000000000	0.0000000000000
792.40002441406	0.68419920775436	0.22293865425021	50.000000000000	0.0000000000000
792.79998779297	0.68213525232413	0.016411189691288	50.000000000000	0.0000000000000
793.20001220703	0.68005700298048	-0.19075298154334	50.000000000000	0.0000000000000
793.59997558594	0.67796440014871	-0.39855183489149	50.000000000000	0.0000000000000
794.00000000000	0.67585738187505	-0.60698314260253	50.000000000000	0.0000000000000
794.40002441406	0.67373588380767	-0.81604478864178	50.000000000000	0.0000000000000
794.79998779297	0.67159983915848	-1.0257346103961	50.000000000000	0.0000000000000
795.20001220703	0.66944941706771	-1.2360501197887	50.000000000000	0.0000000000000
795.59997558594	0.66728424764848	-1.4469890045841	50.000000000000	0.0000000000000
796.00000000000	0.66510449503314	-1.6585489539661	50.000000000000	0.0000000000000
796.40002441406	0.66291014189403	-1.8707274559023	50.000000000000	0.0000000000000
796.79998779297	0.66070110867525	-2.0835220295024	50.000000000000	0.0000000000000
797.20001220703	0.65847719398593	-2.2969304513850	50.000000000000	0.0000000000000
797.59997558594	0.65623867051188	-2.5109494898572	50.000000000000	0.0000000000000
798.00000000000	0.65398521235672	-2.7255772752364	50.000000000000	0.0000000000000
798.40002441406	0.65171702713684	-2.9408105072798	50.000000000000	0.0000000000000
798.79998779297	0.64943396205669	-3.1566465755528	50.000000000000	0.0000000000000
799.20001220703	0.64713610062961	-3.3730833697247	50.000000000000	0.0000000000000
799.59997558594	0.64482328403584	-3.5901175787830	50.000000000000	0.0000000000000
800.00000000000	0.64249558974436	-3.8077463964390	50.000000000000	0.0000000000000
800.40002441406	0.64015291301594	-4.0259667549331	50.000000000000	0.0000000000000
800.79998779297	0.63779532570043	-4.2447759215726	50.000000000000	0.0000000000000
801.20001220703	0.63542283741470	-4.4641715323143	50.000000000000	0.0000000000000
801.59997558594	0.63303527437181	-4.6841498964420	50.000000000000	0.0000000000000
802.00000000000	0.63063276023211	-4.9047089927820	50.000000000000	0.0000000000000
802.40002441406	0.62821529352008	-5.1258439319471	50.000000000000	0.0000000000000
802.79998779297	0.62578275396435	-5.3475539109268	50.000000000000	0.0000000000000
803.20001220703	0.62333525495653	-5.5698352213633	50.000000000000	0.0000000000000
803.59997558594	0.62087272703519	-5.7926839740564	50.000000000000	0.0000000000000
804.00000000000	0.61839521814405	-6.0160969601522	50.000000000000	0.0000000000000
804.40002441406	0.61590271518301	-6.2400725680410	50.000000000000	0.0000000000000
804.79998779297	0.61339519727403	-6.4646051111543	50.000000000000	0.0000000000000
805.20001220703	0.61087264616760	-6.6896937789340	50.000000000000	0.0000000000000
805.59997558594	0.60833515752355	-6.9153351082768	50.000000000000	0.0000000000000
806.00000000000	0.60578264276459	-7.1415248191288	50.000000000000	0.0000000000000
806.40002441406	0.60321519218887	-7.3682600996236	50.000000000000	0.0000000000000
806.79998779297	0.60063277195848	-7.5955374183285	50.000000000000	0.0000000000000
807.20001220703	0.59803540820332	-7.8233553596572	50.000000000000	0.0000000000000
807.59997558594	0.59542311694536	-8.0517075470137	50.000000000000	0.0000000000000
808.00000000000	0.59279591915185	-8.2805932392375	50.000000000000	0.0000000000000
808.40002441406	0.59015388651662	-8.5100072859975	50.000000000000	0.0000000000000
808.79998779297	0.58749685389381	-8.7399493703608	50.000000000000	0.0000000000000
809.20001220703	0.58482512333183	-8.9704114917237	50.000000000000	0.0000000000000
809.59997558594	0.58213846695268	-9.2013957042660	50.000000000000	0.0000000000000
810.00000000000	0.57943706254138	-9.4328955857305	50.000000000000	0.0000000000000
810.40002441406	0.57672090664630	-9.6649066240557	50.000000000000	0.0000000000000
810.79998779297	0.57399005755882	-9.8974269287853	50.000000000000	0.0000000000000
811.20001220703	0.57124444932827	-10.130454433647	50.000000000000	0.0000000000000
811.59997558594	0.56848425022239	-10.363984353144	50.000000000000	0.0000000000000
812.00000000000	0.56570938658824	-10.598013802783	50.000000000000	0.0000000000000
812.40002441406	0.56291996286982	-10.832539577016	50.000000000000	0.0000000000000
812.79998779297	0.56011602037828	-11.067558706898	50.000000000000	0.0000000000000
813.20001220703	0.55729753443075	-11.303067092796	50.000000000000	0.0000000000000
813.59997558594	0.55446466113807	-11.539061473079	50.000000000000	0.0000000000000
814.00000000000	0.55161737072856	-11.775538301721	50.000000000000	0.0000000000000
814.40002441406	0.54875569312175	-12.012495043405	50.000000000000	0.0000000000000
814.79998779297	0.54587977320133	-12.249927211039	50.000000000000	0.0000000000000
815.20001220703	0.54298957461467	-12.487832555631	50.000000000000	0.0000000000000
815.59997558594	0.54008518243600	-12.726209952980	50.000000000000	0.0000000000000
816.00000000000	0.53716666546572	-12.965051946350	50.000000000000	0.0000000000000
816.40002441406	0.53423404249290	-13.204357735151	50.000000000000	0.0000000000000
816.79998779297	0.53128732773105	-13.444125719611	50.000000000000	0.0000000000000
817.20001220703	0.52832682550421	-13.684348195187	50.000000000000	0.0000000000000
817.59997558594	0.52535230296570	-13.925025315379	50.000000000000	0.0000000000000
818.00000000000	0.52236394919838	-14.166155209886	50.000000000000	0.0000000000000
818.40002441406	0.51936181995602	-14.407732544101	50.000000000000	0.0000000000000
818.79998779297	0.51634603264363	-14.649753305896	50.000000000000	0.0000000000000
819.20001220703	0.51331661491588	-14.892215753508	50.000000000000	0.0000000000000
819.59997558594	0.51027359143928	-15.135118070357	50.000000000000	0.0000000000000
820.00000000000	0.50721716023852	-15.378454632831	50.000000000000	0.0000000000000
820.40002441406	0.50414734353943	-15.622224786158	50.000000000000	0.0000000000000
820.79998779297	0.50106412393894	-15.866425482225	50.000000000000	0.0000000000000
821.20001220703	0.49796766091609	-16.111051227454	50.000000000000	0.0000000000000
821.59997558594	0.49485803719494	-16.356103965177	50.000000000000	0.0000000000000
822.00000000000	0.49173531178181	-16.601577209178	50.000000000000	0.0000000000000
822.40002441406	0.48859958579996	-16.847469869505	50.000000000000	0.0000000000000
822.79998779297	0.48545088738358	-17.093777648805	50.000000000000	0.0000000000000
823.20001220703	0.48228938620629	-17.340503686517	50.000000000000	0.0000000000000
823.59997558594	0.47911514333300	-17.587634320106	50.000000000000	0.0000000000000
824.00000000000	0.47592824153638	-17.835176981258	50.000000000000	0.0000000000000
824.40002441406	0.47272875329917	-18.083124263002	50.000000000000	0.0000000000000
824.79998779297	0.46951680374650	-18.331477605888	50.000000000000	0.0000000000000
825.20001220703	0.46629244002410	-18.580233601251	50.000000000000	0.0000000000000
825.59997558594	0.46305579553388	-18.829386803296	50.000000000000	0.0000000000000
826.00000000000	0.45980695849918	-19.078938997388	50.000000000000	0.0000000000000
826.40002441406	0.45654602311336	-19.328883508659	50.000000000000	0.0000000000000
826.79998779297	0.45327311491495	-19.579225661438	50.000000000000	0.0000000000000
827.20001220703	0.44998826100626	-19.829958924785	50.000000000000	0.0000000000000
827.59997558594	0.44669164533751	-20.081077104834	50.000000000000	0.0000000000000
828.00000000000	0.44338336245075	-20.332587755433	50.000000000000	0.0000000000000
828.40002441406	0.44006346336704	-20.584483876337	50.000000000000	0.0000000000000
828.79998779297	0.43673206711317	-20.836760800408	50.000000000000	0.0000000000000
829.20001220703	0.43338938795223	-21.089425268789	50.000000000000	0.0000000000000
829.59997558594	0.43003534584859	-21.342471206622	50.000000000000	0.0000000000000
830.00000000000	0.42667019476953	-21.595898230055	50.000000000000	0.0000000000000
830.40002441406	0.42329399784164	-21.849706806479	50.000000000000	0.0000000000000
830.79998779297	0.41990687086680	-22.103894154759	50.000000000000	0.0000000000000
831.20001220703	0.41650895423082	-22.358455507995	50.000000000000	0.0000000000000
831.59997558594	0.41310029797204	-22.613399528664	50.000000000000	0.0000000000000
832.00000000000	0.40968109804760	-22.868719504243	50.000000000000	0.0000000000000
832.40002441406	0.40625141575585	-23.124418128931	50.000000000000	0.0000000000000
832.79998779297	0.40281141366814	-23.380489293768	50.000000000000	0.0000000000000
833.20001220703	0.39936112643538	-23.636938683252	50.000000000000	0.0000000000000
833.59997558594	0.39590079570633	-23.893765705447	50.000000000000	0.0000000000000
834.00000000000	0.39243046682337	-24.150969797520	50.000000000000	0.0000000000000
834.40002441406	0.38895025525287	-24.408552548659	50.000000000000	0.0000000000000
834.79998779297	0.38546032825938	-24.666511520191	50.000000000000	0.0000000000000
835.20001220703	0.38196078172752	-24.924853356359	50.000000000000	0.0000000000000
835.59997558594	0.37845177168645	-25.183572715545	50.000000000000	0.0000000000000
836.00000000000	0.37493336761864	-25.442689770898	50.000000000000	0.0000000000000
836.40002441406	0.37140578561877	-25.702155601762	50.000000000000	0.0000000000000
836.79998779297	0.36786905259926	-25.962030513747	50.000000000000	0.0000000000000
837.20001220703	0.36432339002185	-26.222289117200	50.000000000000	0.0000000000000
837.59997558594	0.36076886028622	-26.482929655462	50.000000000000	0.0000000000000
838.00000000000	0.35720564356394	-26.743977746583	50.000000000000	0.0000000000000
838.40002441406	0.35363385952634	-27.005440042425	50.000000000000	0.0000000000000
838.79998779297	0.35005366288936	-27.267281478199	50.000000000000	0.0000000000000
839.20001220703	0.34646512592835	-27.529504852809	50.000000000000	0.0000000000000
839.59997558594	0.34286842582730	-27.792168049712	50.000000000000	0.0000000000000
840.00000000000	0.33926372277245	-28.055238511495	50.000000000000	0.0000000000000
840.40002441406	0.33565112439332	-28.318720602005	50.000000000000	0.0000000000000
840.79998779297	0.33203073381411	-28.582639133825	50.000000000000	0.0000000000000
841.20001220703	0.32840278855060	-28.846965095681	50.000000000000	0.0000000000000
841.59997558594	0.32476731670980	-29.111732424724	50.000000000000	0.0000000000000
842.00000000000	0.32112451058543	-29.376963029641	50.000000000000	0.0000000000000
842.40002441406	0.31747452591430	-29.642602316130	50.000000000000	0.0000000000000
842.79998779297	0.31381750121869	-29.908731519253	50.000000000000	0.0000000000000
843.20001220703	0.31015356551365	-30.175331641681	50.000000000000	0.0000000000000
843.59997558594	0.30648283255351	-30.442389815550	50.000000000000	0.0000000000000
844.00000000000	0.30280552348296	-30.709938512449	50.000000000000	0.0000000000000
844.40002441406	0.29912168366082	-30.977987853993	50.000000000000	0.0000000000000
844.79998779297	0.29543158145219	-31.246541984366	50.000000000000	0.0000000000000
845.20001220703	0.29173526115388	-31.515617077407	50.000000000000	0.0000000000000
845.59997558594	0.28803288593043	-31.785228957067	50.000000000000	0.0000000000000
846.00000000000	0.28432465233940	-32.055382022034	50.000000000000	0.0000000000000
846.40002441406	0.28061061471183	-32.326108840908	50.000000000000	0.0000000000000
846.79998779297	0.27689101236241	-32.597411569853	50.000000000000	0.0000000000000
847.20001220703	0.27316599345792	-32.869314499725	50.000000000000	0.0000000000000
847.59997558594	0.26943564406206	-33.141828298892	50.000000000000	0.0000000000000
848.00000000000	0.26570015511071	-33.414986982130	50.000000000000	0.0000000000000
848.40002441406	0.26195963483785	-33.688798402729	50.000000000000	0.0000000000000
848.79998779297	0.25821432168585	-33.963290257564	50.000000000000	0.0000000000000
849.20001220703	0.25446427142475	-34.238490112369	50.000000000000	0.0000000000000
849.59997558594	0.25070967936321	-34.514425334895	50.000000000000	0.0000000000000
850.00000000000	0.24695071424528	-34.791115367970	50.000000000000	0.0000000000000
850.40002441406	0.24318747473664	-35.068599752753	50.000000000000	0.0000000000000
850.79998779297	0.23942017019734	-35.346914136482	50.000000000000	0.0000000000000
851.20001220703	0.23564894504483	-35.626079688418	50.000000000000	0.0000000000000
851.59997558594	0.23187390958119	-35.906151056961	50.000000000000	0.0000000000000
852.00000000000	0.22809525968640	-36.187151564234	50.000000000000	0.0000000000000
852.40002441406	0.22431314943748	-36.469136044256	50.000000000000	0.0000000000000
852.79998779297	0.22052768846464	-36.752146568162	50.000000000000	0.0000000000000
853.20001220703	0.21673907484804	-37.036239095537	50.000000000000	0.0000000000000
853.59997558594	0.21294745843631	-37.321461956161	50.000000000000	0.0000000000000
854.00000000000	0.20915299168963	-37.607880615219	50.000000000000	0.0000000000000
854.40002441406	0.20535583225190	-37.895552616016	50.000000000000	0.0000000000000
854.79998779297	0.20155611804078	-38.184545596660	50.000000000000	0.0000000000000
855.20001220703	0.19775404932767	-38.474933420186	50.000000000000	0.0000000000000
855.59997558594	0.19394973766756	-38.766803960950	50.000000000000	0.0000000000000
856.00000000000	0.19014336902034	-39.060235948891	50.000000000000	0.0000000000000
856.40002441406	0.18633508041821	-39.355331183885	50.000000000000	0.0000000000000
856.79998779297	0.18252505716289	-39.652180280269	50.000000000000	0.0000000000000
857.20001220703	0.17871343432961	-39.950905805080	50.000000000000	0.0000000000000
857.59997558594	0.17490039331461	-40.251627187328	50.000000000000	0.0000000000000
858.00000000000	0.17108607836497	-40.554473741797	50.000000000000	0.0000000000000
858.40002441406	0.16727065329817	-40.859592959187	50.000000000000	0.0000000000000
858.79998779297	0.16345429371784	-41.167141135625	50.000000000000	0.0000000000000
859.20001220703	0.15963715821516	-41.477296934242	50.000000000000	0.0000000000000
859.59997558594	0.15581938034014	-41.790252460852	50.000000000000	0.0000000000000
860.00000000000	0.15200116818298	-42.106219091947	50.000000000000	0.0000000000000
860.40002441406	0.14818265766129	-42.425422515535	50.000000000000	0.0000000000000
860.79998779297	0.14436404113229	-42.748134619371	50.000000000000	0.0000000000000
861.20001220703	0.14054545692187	-43.074634576703	50.000000000000	0.0000000000000
861.59997558594	0.13672711299997	-43.405234034735	50.000000000000	0.0000000000000
862.00000000000	0.13290914411871	-43.740299965697	50.000000000000	0.0000000000000
862.40002441406	0.12909175185701	-44.080227325189	50.000000000000	0.0000000000000
862.79998779297	0.12527510356346	-44.425458777568	50.000000000000	0.0000000000000
863.20001220703	0.12145937492363	-44.776502636311	50.000000000000	0.0000000000000
863.59997558594	0.11764476694773	-45.133925339457	50.000000000000	0.0000000000000
864.00000000000	0.11383145874826	-45.498358261344	50.000000000000	0.0000000000000
864.40002441406	0.11001964028494	-45.870541892499	50.000000000000	0.0000000000000
864.79998779297	0.10620951361145	-46.251316682135	50.000000000000	0.0000000000000
865.20001220703	0.10240128806630	-46.641632494992	50.000000000000	0.0000000000000
865.59997558594	0.098595182380652	-47.042593871491	50.000000000000	0.0000000000000
866.00000000000	0.094791421577645	-47.455487568717	50.000000000000	0.0000000000000
866.40002441406	0.090990228080190	-47.881807250716	50.000000000000	0.0000000000000
866.79998779297	0.087191876828052	-48.323296239830	50.000000000000	0.0000000000000
867.20001220703	0.083396634950312	-48.782028889292	50.000000000000	0.0000000000000
867.59997558594	0.079604795412145	-49.260453255931	50.000000000000	0.0000000000000
868.00000000000	0.075816682655234	-49.761512731236	50.000000000000	0.0000000000000
868.40002441406	0.072032661044111	-50.288750778916	50.000000000000	0.0000000000000
868.79998779297	0.068253144383353	-50.846494038547	50.000000000000	0.0000000000000
869.20001220703	0.064478592243731	-51.440060278232	50.000000000000	0.0000000000000
869.59997558594	0.060709575827495	-52.076077920959	50.000000000000	0.0000000000000
870.00000000000	0.056946733413429	-52.762891645691	50.000000000000	0.0000000000000
870.40002441406	0.053190872018753	-53.511164627437	50.000000000000	0.0000000000000
870.79998779297	0.049442993045408	-54.334743752810	50.000000000000	0.0000000000000
871.20001220703	0.045704368631273	-55.251912075999	50.000000000000	0.0000000000000
871.59997558594	0.041976663443394	-56.287321567931	50.000000000000	0.0000000000000
872.00000000000	0.038262152443465	-57.474990488394	50.000000000000	0.0000000000000
872.40002441406	0.034563985016933	-58.863107975956	50.000000000000	0.0000000000000
872.79998779297	0.030886746737821	-60.522183313692	50.000000000000	0.0000000000000
873.20001220703	0.027237382619300	-62.559232578659	50.000000000000	0.0000000000000
873.59997558594	0.023626946881623	-65.143999239821	50.000000000000	0.0000000000000
874.00000000000	0.020074172891438	-68.560206976859	50.000000000000	0.0000000000000
874.40002441406	0.016613209990621	-73.311656704414	50.000000000000	0.0000000000000
874.79998779297	0.013312089545640	-80.352304927897	50.000000000000	0.0000000000000
875.20001220703	0.010320267685686	-91.563589988862	50.000000000000	0.0000000000000
875.59997558594	0.0079862332760573	-110.27029764503	50.000000000000	0.0000000000000
876.00000000000	0.0069940325336716	-138.33148151589	50.000000000000	0.0000000000000
876.40002441406	0.0078614684239935	-166.82996576694	50.000000000000	0.0000000000000
876.79998779297	0.010115325776244	173.84901293603	50.000000000000	0.0000000000000
877.20001220703	0.013051647967856	162.26863345645	50.000000000000	0.0000000000000
877.59997558594	0.016301959794866	155.02995561484	50.000000000000	0.0000000000000
878.00000000000	0.019708253339077	150.16801105747	50.000000000000	0.0000000000000
878.40002441406	0.023199064502776	146.68654118943	50.000000000000	0.0000000000000
878.79998779297	0.026738761433942	144.06143755344	50.000000000000	0.0000000000000
879.20001220703	0.030307911323234	141.99875009286	50.000000000000	0.0000000000000
879.59997558594	0.033895098512289	140.32329245764	50.000000000000	0.0000000000000
880.00000000000	0.037493186581174	138.92494488428	50.000000000000	0.0000000000000
880.40002441406	0.041097494217299	137.73135607954	50.000000000000	0.0000000000000
880.79998779297	0.044704795667692	136.69318192848	50.000000000000	0.0000000000000
881.20001220703	0.048312807505069	135.77564050835	50.000000000000	0.0000000000000
881.59997558594	0.051919842535520	134.95358506334	50.000000000000	0.0000000000000
882.00000000000	0.055524631776571	134.20838484309	50.000000000000	0.0000000000000
882.40002441406	0.059126179540437	133.52596902867	50.000000000000	0.0000000000000
882.79998779297	0.062723701570740	132.89546186641	50.000000000000	0.0000000000000
883.20001220703	0.066316558351774	132.30843238466	50.000000000000	0.0000000000000
883.59997558594	0.069904229627426	131.75809659173	50.000000000000	0.0000000000000
884.00000000000	0.073486268660436	131.23911212876	50.000000000000	0.0000000000000
884.40002441406	0.077062282329834	130.74707988158	50.000000000000	0.0000000000000
884.79998779297	0.080631955304740	130.27839839454	50.000000000000	0.0000000000000
885.20001220703	0.084194987096342	129.83010665144	50.000000000000	0.0000000000000
885.59997558594	0.087751118274389	129.39971081535	50.000000000000	0.0000000000000
886.00000000000	0.091300118944643	128.98511654551	50.000000000000	0.0000000000000
886.40002441406	0.094841757611400	128.58458013357	50.000000000000	0.0000000000000
886.79998779297	0.098375849518748	128.19658890205	50.000000000000	0.0000000000000
887.20001220703	0.10190221613350	127.81980610506	50.000000000000	0.0000000000000
887.59997558594	0.10542068144204	127.45316449403	50.000000000000	0.0000000000000
888.00000000000	0.10893108316332	127.09565261069	50.000000000000	0.0000000000000
888.40002441406	0.11243327415239	126.74648175853	50.000000000000	0.0000000000000
888.79998779297	0.11592709341776	126.40486330281	50.000000000000	0.0000000000000
889.20001220703	0.11941242666435	126.07017207689	50.000000000000	0.0000000000000
889.59997558594	0.12288913214686	125.74183098532	50.000000000000	0.0000000000000
890.00000000000	0.12635708301281	125.41933589211	50.000000000000	0.0000000000000
890.40002441406	0.12981614305410	125.10223684680	50.000000000000	0.0000000000000
890.79998779297	0.13326622804991	124.79012391813	50.000000000000	0.0000000000000
891.20001220703	0.13670719956512	124.48265686900	50.000000000000	0.0000000000000
891.59997558594	0.14013895667516	124.17949292701	50.000000000000	0.0000000000000
892.00000000000	0.14356138083713	123.88035994482	50.000000000000	0.0000000000000
892.40002441406	0.14697438524570	123.58497857314	50.000000000000	0.0000000000000
892.79998779297	0.15037783923759	123.29312681126	50.000000000000	0.0000000000000
893.20001220703	0.15377168728084	123.00459052138	50.000000000000	0.0000000000000
893.59997558594	0.15715580733214	122.71915775491	50.000000000000	0.0000000000000
894.00000000000	0.16053010150573	122.43667310754	50.000000000000	0.0000000000000
894.40002441406	0.16389447872950	122.15697984072	50.000000000000	0.0000000000000
894.79998779297	0.16724887792288	121.87990324330	50.000000000000	0.0000000000000
895.20001220703	0.17059318711711	121.60533141188	50.000000000000	0.0000000000000
895.59997558594	0.17392729857761	121.33313662801	50.000000000000	0.0000000000000
896.00000000000	0.17725118728542	121.06319000589	50.000000000000	0.0000000000000
896.40002441406	0.18056473112756	120.79540455983	50.000000000000	0.0000000000000
896.79998779297	0.18386784888373	120.52968600412	50.000000000000	0.0000000000000
897.20001220703	0.18716049050900	120.26594613356	50.000000000000	0.0000000000000
897.59997558594	0.19044253512212	120.00407619952	50.000000000000	0.0000000000000
898.00000000000	0.19371396675612	119.74403805868	50.000000000000	0.0000000000000
898.40002441406	0.19697467737656	119.48573371341	50.000000000000	0.0000000000000
898.79998779297	0.20022459435684	119.22910721073	50.000000000000	0.0000000000000
899.20001220703	0.20346365321845	118.97411170879	50.000000000000	0.0000000000000
899.59997558594	0.20669178503672	118.72066825470	50.000000000000	0.0000000000000
900.00000000000	0.20990893164913	118.46874271381	50.000000000000	0.0000000000000
900.40002441406	0.21311501906102	118.21827987267	50.000000000000	0.0000000000000
900.79998779297	0.21630998893254	117.96923648954	50.000000000000	0.0000000000000
901.20001220703	0.21949378400869	117.72157360721	50.000000000000	0.0000000000000
901.59997558594	0.22266635671313	117.47523562458	50.000000000000	0.0000000000000
902.00000000000	0.22582759619065	117.23019737668	50.000000000000	0.0000000000000
902.40002441406	0.22897751167775	116.98642965469	50.000000000000	0.0000000000000
902.79998779297	0.23211600958256	116.74388876409	50.000000000000	0.0000000000000
903.20001220703	0.23524302802624	116.50254944811	50.000000000000	0.0000000000000
903.59997558594	0.23835854916958	116.26238622417	50.000000000000	0.0000000000000
904.00000000000	0.24146250952972	116.02337024793	50.000000000000	0.0000000000000
904.40002441406	0.24455482913145	115.78549124883	50.000000000000	0.0000000000000
904.79998779297	0.24763552871875	115.54868583861	50.000000000000	0.0000000000000
905.20001220703	0.25070449143764	115.31297865369	50.000000000000	0.0000000000000
905.59997558594	0.25376170827572	115.07830477162	50.000000000000	0.0000000000000
906.00000000000	0.25680711319884	114.84468544280	50.000000000000	0.0000000000000
906.40002441406	0.25984069819578	114.61207666212	50.000000000000	0.0000000000000
906.79998779297	0.26286239846662	114.38047249471	50.000000000000	0.0000000000000
907.20001220703	0.26587216246285	114.14985157477	50.000000000000	0.0000000000000
907.59997558594	0.26887001532595	113.92019996222	50.000000000000	0.0000000000000
908.00000000000	0.27185585131144	113.69149761267	50.000000000000	0.0000000000000
908.40002441406	0.27482965304786	113.46373732755	50.000000000000	0.0000000000000
908.79998779297	0.27779139153731	113.23690809654	50.000000000000	0.0000000000000
909.20001220703	0.28074104029155	113.01099406429	50.000000000000	0.0000000000000
909.59997558594	0.28367861199696	112.78597662232	50.000000000000	0.0000000000000
910.00000000000	0.28660398103646	112.56186559883	50.000000000000	0.0000000000000
910.40002441406	0.28951718744830	112.33862771728	50.000000000000	0.0000000000000
910.79998779297	0.29241821079530	112.11626444940	50.000000000000	0.0000000000000
911.20001220703	0.29530697482534	111.89476738869	50.000000000000	0.0000000000000
911.59997558594	0.29818352547707	111.67412657767	50.000000000000	0.0000000000000
912.00000000000	0.30104776012501	111.45432387101	50.000000000000	0.0000000000000
912.40002441406	0.30389972277416	111.23536698135	50.000000000000	0.0000000000000
912.79998779297	0.30673938979183	111.01723243238	50.000000000000	0.0000000000000
913.20001220703	0.30956670592162	110.79992935089	50.000000000000	0.0000000000000
913.59997558594	0.31238165415191	110.58344029308	50.000000000000	0.0000000000000
914.00000000000	0.31518423425959	110.36775742819	50.000000000000	0.0000000000000
914.40002441406	0.31797450014000	110.15288535928	50.000000000000	0.0000000000000
914.79998779297	0.32075234480428	109.93881355935	50.000000000000	0.0000000000000
915.20001220703	0.32351777921965	109.72552832526	50.000000000000	0.0000000000000
915.59997558594	0.32627084520393	109.51303262139	50.000000000000	0.0000000000000
916.00000000000	0.32901146286321	109.30131756362	50.000000000000	0.0000000000000
916.40002441406	0.33173967287744	109.09037262836	50.000000000000	0.0000000000000
916.79998779297	0.33445544728309	108.88021743064	50.000000000000	0.0000000000000
917.20001220703	0.33715878577836	108.67082375468	50.000000000000	0.0000000000000
917.59997558594	0.33984967153664	108.46218785854	50.000000000000	0.0000000000000
918.00000000000	0.34252815591539	108.25432595433	50.000000000000	0.0000000000000
918.40002441406	0.34519417501553	108.04721321390	50.000000000000	0.0000000000000
918.79998779297	0.34784778076030	107.84085292028	50.000000000000	0.0000000000000
919.20001220703	0.35048893852860	107.63523753542	50.000000000000	0.0000000000000
919.59997558594	0.35311769789418	107.43037189634	50.000000000000	0.0000000000000
920.00000000000	0.35573396534842	107.22625287548	50.000000000000	0.0000000000000
920.40002441406	0.35833786228738	107.02287670488	50.000000000000	0.0000000000000
920.79998779297	0.36092936601972	106.82023088941	50.000000000000	0.0000000000000
921.20001220703	0.36350841691199	106.61831730982	50.000000000000	0.0000000000000
921.59997558594	0.36607512869074	106.41713211880	50.000000000000	0.0000000000000
922.00000000000	0.36862941499258	106.21668212048	50.000000000000	0.0000000000000
922.40002441406	0.37117134622133	106.01695962544	50.000000000000	0.0000000000000
922.79998779297	0.37370089513729	105.81795567469	50.000000000000	0.0000000000000
923.20001220703	0.37621815139004	105.61967543820	50.000000000000	0.0000000000000
923.59997558594	0.37872305346640	105.42211058634	50.000000000000	0.0000000000000
924.00000000000	0.38121565415535	105.22526568584	50.000000000000	0.0000000000000
924.40002441406	0.38369592882613	105.02913805601	50.000000000000	0.0000000000000
924.79998779297	0.38616399319974	104.83371843222	50.000000000000	0.0000000000000
925.20001220703	0.38861976752002	104.63901016646	50.000000000000	0.0000000000000
925.59997558594	0.39106333733750	104.44500678441	50.000000000000	0.0000000000000
926.00000000000	0.39349468046360	104.25171179477	50.000000000000	0.0000000000000
926.40002441406	0.39591385194351	104.05912137204	50.000000000000	0.0000000000000
926.79998779297	0.39832087632213	103.86723303978	50.000000000000	0.0000000000000
927.20001220703	0.40071574399998	103.67604348637	50.000000000000	0.0000000000000
927.59997558594	0.40309848669548	103.48555683181	50.000000000000	0.0000000000000
928.00000000000	0.40546922420445	103.29575803603	50.000000000000	0.0000000000000
928.40002441406	0.40782785351582	103.10666474290	50.000000000000	0.0000000000000
928.79998779297	0.41017451868063	102.91826046640	50.000000000000	0.0000000000000
929.20001220703	0.41250911828298	102.73054778140	50.000000000000	0.0000000000000
929.59997558594	0.41483182367368	102.54352912835	50.000000000000	0.0000000000000
930.00000000000	0.41714260244325	102.35719557938	50.000000000000	0.0000000000000
930.40002441406	0.41944150155792	102.17155067322	50.000000000000	0.0000000000000
930.79998779297	0.42172851203770	101.98658306720	50.000000000000	0.0000000000000
931.20001220703	0.42400373923933	101.80229703003	50.000000000000	0.0000000000000
931.59997558594	0.42626718169255	101.61870810833	50.000000000000	0.0000000000000
932.00000000000	0.42851888222419	101.43578257997	50.000000000000	0.0000000000000
932.40002441406	0.43075891110326	101.25354553421	50.000000000000	0.0000000000000
932.79998779297	0.43298722032202	101.07198554916	50.000000000000	0.0000000000000
933.20001220703	0.43520393978108	100.89108894756	50.000000000000	0.0000000000000
933.59997558594	0.43740910116753	100.71087984381	50.000000000000	0.0000000000000
934.00000000000	0.43960269490220	100.53133453797	50.000000000000	0.0000000000000
934.40002441406	0.44178482299131	100.35246557711	50.000000000000	0.0000000000000
934.79998779297	0.44395544935458	100.17425349969	50.000000000000	0.0000000000000
935.20001220703	0.44611471906465	99.996722790612	50.000000000000	0.0000000000000
935.59997558594	0.44826263586126	99.819840919397	50.000000000000	0.0000000000000
936.00000000000	0.45039918565887	99.643629385015	50.000000000000	0.0000000000000
936.40002441406	0.45252447212804	99.468086717786	50.000000000000	0.0000000000000
936.79998779297	0.45463857359454	99.293193208139	50.000000000000	0.0000000000000
937.20001220703	0.45674152665970	99.118967501624	50.000000000000	0.0000000000000
937.59997558594	0.45883329013578	98.945392794162	50.000000000000	0.0000000000000
938.00000000000	0.46091405086156	98.772466063312	50.000000000000	0.0000000000000
938.40002441406	0.46298376557252	98.600194601216	50.000000000000	0.0000000000000
938.79998779297	0.46504250144680	98.428578911923	50.000000000000	0.0000000000000
939.20001220703	0.46709033774685	98.257605596891	50.000000000000	0.0000000000000
939.59997558594	0.46912726506614	98.087288978524	50.000000000000	0.0000000000000
940.00000000000	0.47115341663902	97.917612399910	50.000000000000	0.0000000000000
940.40002441406	0.47316879849209	97.748580088970	50.000000000000	0.0000000000000
940.79998779297	0.47517349577461	97.580187758711	50.000000000000	0.0000000000000
941.20001220703	0.47716750321005	97.412431906431	50.000000000000	0.0000000000000
941.59997558594	0.47915097329046	97.245317090119	50.000000000000	0.0000000000000
942.00000000000	0.48112383653753	97.078838390964	50.000000000000	0.0000000000000
942.40002441406	0.48308628905531	96.912987138073	50.000000000000	0.0000000000000
942.79998779297	0.48503821377085	96.747772382604	50.000000000000	0.0000000000000
943.20001220703	0.48697983406115	96.583185075393	50.000000000000	0.0000000000000
943.59997558594	0.48891116574335	96.419219434466	50.000000000000	0.0000000000000
944.00000000000	0.49083223586933	96.255882413058	50.000000000000	0.0000000000000
944.40002441406	0.49274306340305	96.093174087027	50.000000000000	0.0000000000000
944.79998779297	0.49464377286333	95.931079911279	50.000000000000	0.0000000000000
945.20001220703	0.49653443580876	95.769593346047	50.000000000000	0.0000000000000
945.59997558594	0.49841508664997	95.608735220120	50.000000000000	0.0000000000000
946.00000000000	0.50028575281458	95.448485504442	50.000000000000	0.0000000000000
946.40002441406	0.50214651362571	95.288850515293	50.000000000000	0.0000000000000
946.79998779297	0.50399743613614	95.129823159910	50.000000000000	0.0000000000000
947.20001220703	0.50583861711606	94.971396742575	50.000000000000	0.0000000000000
947.59997558594	0.50767001391018	94.813578844583	50.000000000000	0.0000000000000
948.00000000000	0.50949180499052	94.656354327715	50.000000000000	0.0000000000000
948.40002441406	0.51130395125166	94.499738545858	50.000000000000	0.0000000000000
948.79998779297	0.51310668464346	94.343709302607	50.000000000000	0.0000000000000
949.20001220703	0.51489978917828	94.188289047274	50.000000000000	0.0000000000000
949.59997558594	0.51668360604680	94.033441101748	50.000000000000	0.0000000000000
950.00000000000	0.51845797765730	93.879188825396	50.000000000000	0.0000000000000
950.40002441406	0.52022314246038	93.725523089205	50.000000000000	0.0000000000000
950.79998779297	0.52197910537912	93.572444626462	50.000000000000	0.0000000000000
951.20001220703	0.52372586264599	93.419939999266	50.000000000000	0.0000000000000
951.59997558594	0.52546354091619	93.268016159218	50.000000000000	0.0000000000000
952.00000000000	0.52719219510033	93.116659107599	50.000000000000	0.0000000000000
952.40002441406	0.52891183086660	92.965875846393	50.000000000000	0.0000000000000
952.79998779297	0.53062262817674	92.815666185010	50.000000000000	0.0000000000000
953.20001220703	0.53232452173922	92.666016780009	50.000000000000	0.0000000000000
953.59997558594	0.53401763393393	92.516934372766	50.000000000000	0.0000000000000
954.00000000000	0.53570202063439	92.368411752759	50.000000000000	0.0000000000000
954.40002441406	0.53737773787948	92.220442521741	50.000000000000	0.0000000000000
954.79998779297	0.53904490324549	92.073026390219	50.000000000000	0.0000000000000
955.20001220703	0.54070351666299	91.926170591460	50.000000000000	0.0000000000000
955.59997558594	0.54235368765106	91.779854209270	50.000000000000	0.0000000000000
956.00000000000	0.54399535560076	91.634084261279	50.000000000000	0.0000000000000
956.40002441406	0.54562869799493	91.488871522278	50.000000000000	0.0000000000000
956.79998779297	0.54725382063009	91.344180730494	50.000000000000	0.0000000000000
957.20001220703	0.54887065954486	91.200008997718	50.000000000000	0.0000000000000
957.59997558594	0.55047939422846	91.056383723925	50.000000000000	0.0000000000000
958.00000000000	0.55207995826077	90.913304987232	50.000000000000	0.0000000000000
958.40002441406	0.55367245625897	90.770717868470	50.000000000000	0.0000000000000
958.79998779297	0.55525707157472	90.628704580952	50.000000000000	0.0000000000000
959.20001220703	0.55683366526884	90.487155731453	50.000000000000	0.0000000000000
959.59997558594	0.55840247708738	90.346153302071	50.000000000000	0.0000000000000
960.00000000000	0.55996343651488	90.205669979989	50.000000000000	0.0000000000000
960.40002441406	0.56151665355630	90.065651106935	50.000000000000	0.0000000000000
960.79998779297	0.56306212192091	89.926178628369	50.000000000000	0.0000000000000
961.20001220703	0.56460007033518	89.787197925576	50.000000000000	0.0000000000000
961.59997558594	0.56613043086915	89.648708989596	50.000000000000	0.0000000000000
962.00000000000	0.56765337347078	89.510711874875	50.000000000000	0.0000000000000
962.40002441406	0.56916870696580	89.373233762778	50.000000000000	0.0000000000000
962.79998779297	0.57067672835612	89.236192914784	50.000000000000	0.0000000000000
963.20001220703	0.57217729482190	89.099698400387	50.000000000000	0.0000000000000
963.59997558594	0.57367070930520	88.963641047732	50.000000000000	0.0000000000000
964.00000000000	0.57515688792346	88.828102760912	50.000000000000	0.0000000000000
964.40002441406	0.57663583561766	88.693001503434	50.000000000000	0.0000000000000
964.79998779297	0.57810770892372	88.558392123484	50.000000000000	0.0000000000000
965.20001220703	0.57957256982223	88.424219989618	50.000000000000	0.0000000000000
965.59997558594	0.58103032464064	88.290566813835	50.000000000000	0.0000000000000
966.00000000000	0.58248123184773	88.157323481192	50.000000000000	0.0000000000000
966.40002441406	0.58392514476887	88.024544690883	50.000000000000	0.0000000000000
966.79998779297	0.58536228942144	87.892230224668	50.000000000000	0.0000000000000
967.20001220703	0.58679260407490	87.760352803598	50.000000000000	0.0000000000000
967.59997558594	0.58821624452701	87.628940016570	50.000000000000	0.0000000000000
968.00000000000	0.58963308996282	87.497964393656	50.000000000000	0.0000000000000
968.40002441406	0.59104332019499	87.367398363476	50.000000000000	0.0000000000000
968.79998779297	0.59244701654137	87.237296940252	50.000000000000	0.0000000000000
969.20001220703	0.59384411875288	87.107632547443	50.000000000000	0.0000000000000
969.59997558594	0.59523473258607	86.978405616488	50.000000000000	0.0000000000000
970.00000000000	0.59661893567373	86.849560840686	50.000000000000	0.0000000000000
970.40002441406	0.59799668528162	86.721152953812	50.000000000000	0.0000000000000
970.79998779297	0.59936808595029	86.593182647329	50.000000000000	0.0000000000000
971.20001220703	0.60073327805273	86.465594698983	50.000000000000	0.0000000000000
971.59997558594	0.60209215428154	86.338443477554	50.000000000000	0.0000000000000
972.00000000000	0.60344485565117	86.211675926212	50.000000000000	0.0000000000000
972.40002441406	0.60479129261948	86.085316974552	50.000000000000	0.0000000000000
972.79998779297	0.60613170937093	85.959340932550	50.000000000000	0.0000000000000
973.20001220703	0.60746593209799	85.833802121578	50.000000000000	0.0000000000000
973.59997558594	0.60879422688879	85.708645614004	50.000000000000	0.0000000000000
974.00000000000	0.61011646123566	85.583871478888	50.000000000000	0.0000000000000
974.40002441406	0.61143270443185	85.459452843836	50.000000000000	0.0000000000000
974.79998779297	0.61274319647456	85.335444122575	50.000000000000	0.0000000000000
975.20001220703	0.61404767195386	85.211790233436	50.000000000000	0.0000000000000
975.59997558594	0.61534633260771	85.088518757564	50.000000000000	0.0000000000000
976.00000000000	0.61663922337763	84.965630257520	50.000000000000	0.0000000000000
976.40002441406	0.61792635626082	84.843097335648	50.000000000000	0.0000000000000
976.79998779297	0.61920769302124	84.720945373900	50.000000000000	0.0000000000000
977.20001220703	0.62048342340189	84.599149723904	50.000000000000	0.0000000000000
977.59997558594	0.62175350429778	84.477681607871	50.000000000000	0.0000000000000
978.00000000000	0.62301786524626	84.356595858964	50.000000000000	0.0000000000000
978.40002441406	0.62427670004578	84.235865140169	50.000000000000	0.0000000000000
978.79998779297	0.62553005327239	84.115490580471	50.000000000000	0.0000000000000
979.20001220703	0.62677785519058	83.995416105601	50.000000000000	0.0000000000000
979.59997558594	0.62802015118711	83.875696175424	50.000000000000	0.0000000000000
980.00000000000	0.62925701776618	83.756304708708	50.000000000000	0.0000000000000
980.40002441406	0.63048846913105	83.637268395981	50.000000000000	0.0000000000000
980.79998779297	0.63171440555282	83.518558877825	50.000000000000	0.0000000000000
981.20001220703	0.63293511154490	83.400177763000	50.000000000000	0.0000000000000
981.59997558594	0.63415048908645	83.282097735311	50.000000000000	0.0000000000000
982.00000000000	0.63536051440222	83.164372939627	50.000000000000	0.0000000000000
982.40002441406	0.63656520977424	83.046930665453	50.000000000000	0.0000000000000
982.79998779297	0.63776468637029	82.929813021075	50.000000000000	0.0000000000000
983.20001220703	0.63895900292620	82.813010847397	50.000000000000	0.0000000000000
983.59997558594	0.64014809862433	82.696515082937	50.000000000000	0.0000000000000
984.00000000000	0.64133195789985	82.580327296926	50.000000000000	0.0000000000000
984.40002441406	0.64251063073482	82.464445141079	50.000000000000	0.0000000000000
984.79998779297	0.64368430903957	82.348851977003	50.000000000000	0.0000000000000
985.20001220703	0.64485283431937	82.233564596072	50.000000000000	0.0000000000000
985.59997558594	0.64601628067400	82.118565092121	50.000000000000	0.0000000000000
986.00000000000	0.64717462725180	82.003858539665	50.000000000000	0.0000000000000
986.40002441406	0.64832792939646	81.889439641011	50.000000000000	0.0000000000000
986.79998779297	0.64947617731770	81.775306343227	50.000000000000	0.0000000000000
987.20001220703	0.65061948454114	81.661454894405	50.000000000000	0.0000000000000
987.59997558594	0.65175778345812	81.547881945765	50.000000000000	0.0000000000000
988.00000000000	0.65289112886621	81.434583113029	50.000000000000	0.0000000000000
988.40002441406	0.65401949883367	81.321563632186	50.000000000000	0.0000000000000
988.79998779297	0.65514289124513	81.208817112988	50.000000000000	0.0000000000000
989.20001220703	0.65626148331491	81.096338354433	50.000000000000	0.0000000000000
989.59997558594	0.65737514533106	80.984125311873	50.000000000000	0.0000000000000
990.00000000000	0.65848392293278	80.872178989411	50.000000000000	0.0000000000000
990.40002441406	0.65958775815961	80.760491102050	50.000000000000	0.0000000000000
990.79998779297	0.66068674460946	80.649069303803	50.000000000000	0.0000000000000
991.20001220703	0.66178101174134	80.537902187012	50.000000000000	0.0000000000000
991.59997558594	0.66287031116970	80.426986715419	50.000000000000	0.0000000000000
992.00000000000	0.66395479710702	80.316330213639	50.000000000000	0.0000000000000
992.40002441406	0.66503458699396	80.205927815835	50.000000000000	0.0000000000000
992.79998779297	0.66610951902974	80.095763425890	50.000000000000	0.0000000000000
993.20001220703	0.66717967302897	79.985851242295	50.000000000000	0.0000000000000
993.59997558594	0.66824504536129	79.876186662107	50.000000000000	0.0000000000000
994.00000000000	0.66930562997501	79.766766378244	50.000000000000	0.0000000000000
994.40002441406	0.67036158881361	79.657593616482	50.000000000000	0.0000000000000
994.79998779297	0.67141264280778	79.548651188862	50.000000000000	0.0000000000000
995.20001220703	0.67245900200094	79.439948321440	50.000000000000	0.0000000000000
995.59997558594	0.67350072867826	79.331478434422	50.000000000000	0.0000000000000
996.00000000000	0.67453768897728	79.223241526625	50.000000000000	0.0000000000000
996.40002441406	0.67556990476550	79.115249074470	50.000000000000	0.0000000000000
996.79998779297	0.67659742202871	79.007475006485	50.000000000000	0.0000000000000
997.20001220703	0.67762030259310	78.899939901597	50.000000000000	0.0000000000000
997.59997558594	0.67863843903450	78.792631969450	50.000000000000	0.0000000000000
998.00000000000	0.67965194689723	78.685548305311	50.000000000000	0.0000000000000
998.40002441406	0.68066069041308	78.578689508997	50.000000000000	0.0000000000000
998.79998779297	0.68166485538941	78.472048837287	50.000000000000	0.0000000000000
999.20001220703	0.68266431040199	78.365649977506	50.000000000000	0.0000000000000
999.59997558594	0.68365913780259	78.259453844262	50.000000000000	0.0000000000000
1000.0000000000	0.68464925498045	78.153488767758	50.000000000000	0.0000000000000
1000.4000244141	0.68563481056206	78.047738644500	50.000000000000	0.0000000000000
1000.7999877930	0.68661560695375	77.942204259821	50.000000000000	0.0000000000000
1001.2000122070	0.68759184478742	77.836897251091	50.000000000000	0.0000000000000
1001.5999755859	0.68856345004247	77.731793921481	50.000000000000	0.0000000000000
1002.0000000000	0.68953039437965	77.626923444452	50.000000000000	0.0000000000000
1002.4000244141	0.69049273664573	77.522258220937	50.000000000000	0.0000000000000
1002.7999877930	0.69145038889554	77.417803519584	50.000000000000	0.0000000000000
1003.2000122070	0.69240339523455	77.313560688947	50.000000000000	0.0000000000000
1003.5999755859	0.69335192234850	77.209530886670	50.000000000000	0.0000000000000
1004.0000000000	0.69429576146052	77.105718378216	50.000000000000	0.0000000000000
1004.4000244141	0.69523497580489	77.002117352447	50.000000000000	0.0000000000000
1004.7999877930	0.69616960871062	76.898729244983	50.000000000000	0.0000000000000
1005.2000122070	0.69709960760118	76.795546127766	50.000000000000	0.0000000000000
1005.5999755859	0.69802500559001	76.692573059346	50.000000000000	0.0000000000000
1006.0000000000	0.69894584211731	76.589812724944	50.000000000000	0.0000000000000
1006.4000244141	0.69986200327401	76.487257291912	50.000000000000	0.0000000000000
1006.7999877930	0.70077369871970	76.384914084168	50.000000000000	0.0000000000000
1007.2000122070	0.70168073200114	76.282782441333	50.000000000000	0.0000000000000
1007.5999755859	0.70258323157713	76.180855607826	50.000000000000	0.0000000000000
1008.0000000000	0.70348112052854	76.079134045820	50.000000000000	0.0000000000000
1008.4000244141	0.70437442658674	75.977624058390	50.000000000000	0.0000000000000
1008.7999877930	0.70526315535762	75.876319021586	50.000000000000	0.0000000000000
1009.2000122070	0.70614731207924	75.775232298649	50.000000000000	0.0000000000000
1009.5999755859	0.70702690686629	75.674336198893	50.000000000000	0.0000000000000
1010.0000000000	0.70790196193226	75.573658184524	50.000000000000	0.0000000000000
1010.4000244141	0.70877238205269	75.473184622002	50.000000000000	0.0000000000000
1010.7999877930	0.70963834383217	75.372932475416	50.000000000000	0.0000000000000
1011.2000122070	0.71049972860595	75.272876479686	50.000000000000	0.0000000000000
1011.5999755859	0.71135658965684	75.173033546023	50.000000000000	0.0000000000000
1012.0000000000	0.71220891722855	75.073401857337	50.000000000000	0.0000000000000
1012.4000244141	0.71305665561857	74.973974899346	50.000000000000	0.0000000000000
1012.7999877930	0.71389989107513	74.874759148658	50.000000000000	0.0000000000000
1013.2000122070	0.71473864382416	74.775762159846	50.000000000000	0.0000000000000
1013.5999755859	0.71557288135170	74.676970539822	50.000000000000	0.0000000000000
1014.0000000000	0.71640259000674	74.578383706500	50.000000000000	0.0000000000000
1014.4000244141	0.71722776963960	74.480014973787	50.000000000000	0.0000000000000
1014.7999877930	0.71804848703789	74.381858137563	50.000000000000	0.0000000000000
1015.2000122070	0.71886472377019	74.283913785109	50.000000000000	0.0000000000000
1015.5999755859	0.71967646935874	74.186180218443	50.000000000000	0.0000000000000
1016.0000000000	0.72048376250459	74.088659330516	50.000000000000	0.0000000000000
1016.4000244141	0.72128666604783	73.991363444937	50.000000000000	0.0000000000000
1016.7999877930	0.72208504627785	73.894273323490	50.000000000000	0.0000000000000
1017.2000122070	0.72287897819680	73.797397892027	50.000000000000	0.0000000000000
1017.5999755859	0.72366853593216	73.700746087472	50.000000000000	0.0000000000000
1018.0000000000	0.72445354889612	73.604308898807	50.000000000000	0.0000000000000
1018.4000244141	0.72523422607412	73.508092275488	50.000000000000	0.0000000000000
1018.7999877930	0.72601055584560	73.412094636830	50.000000000000	0.0000000000000
1019.2000122070	0.72678252233857	73.316315538449	50.000000000000	0.0000000000000
1019.5999755859	0.72754999117637	73.220752953227	50.000000000000	0.0000000000000
1020.0000000000	0.72831321001380	73.125418817568	50.000000000000	0.0000000000000
1020.4000244141	0.72907211377669	73.030309114566	50.000000000000	0.0000000000000
1020.7999877930	0.72982656315608	72.935422920916	50.000000000000	0.0000000000000
1021.2000122070	0.73057680449095	72.840756364018	50.000000000000	0.0000000000000
1021.5999755859	0.73132270691379	72.746322212750	50.000000000000	0.0000000000000
1022.0000000000	0.73206431080110	72.652105574558	50.000000000000	0.0000000000000
1022.4000244141	0.73280165974485	72.558122230157	50.000000000000	0.0000000000000
1022.7999877930	0.73353474061312	72.464370696214	50.000000000000	0.0000000000000
1023.2000122070	0.73426358543033	72.370838417887	50.000000000000	0.0000000000000
1023.5999755859	0.73498824546829	72.277538982000	50.000000000000	0.0000000000000
1024.0000000000	0.73570868007323	72.184477593536	50.000000000000	0.0000000000000
1024.4000244141	0.73642495976677	72.091647615174	50.000000000000	0.0000000000000
1024.8000488281	0.73713705739777	71.999050963768	50.000000000000	0.0000000000000
1025.1999511719	0.73784505425232	71.906693520480	50.000000000000	0.0000000000000
1025.5999755859	0.73854892626416	71.814561489954	50.000000000000	0.0000000000000
1026.0000000000	0.73924866547722	71.722667055275	50.000000000000	0.0000000000000
1026.4000244141	0.73994439945607	71.631019793509	50.000000000000	0.0000000000000
1026.8000488281	0.74063604297775	71.539605617587	50.000000000000	0.0000000000000
1027.1999511719	0.74132374228314	71.448429800410	50.000000000000	0.0000000000000
1027.5999755859	0.74200732736511	71.357497953027	50.000000000000	0.0000000000000
1028.0000000000	0.74268697691127	71.266807735750	50.000000000000	0.0000000000000
1028.4000244141	0.74336265719598	71.176362252242	50.000000000000	0.0000000000000
1028.8000488281	0.74403449523589	71.086156709309	50.000000000000	0.0000000000000
1029.1999511719	0.74470229589036	70.996202109352	50.000000000000	0.0000000000000
1029.5999755859	0.74536639868281	70.906488432577	50.000000000000	0.0000000000000
1030.0000000000	0.74602660537867	70.817013291109	50.000000000000	0.0000000000000
1030.4000244141	0.74668293525157	70.727795799989	50.000000000000	0.0000000000000
1030.8000488281	0.74733550475475	70.638833470411	50.000000000000	0.0000000000000
1031.1999511719	0.74798431644171	70.550107488269	50.000000000000	0.0000000000000
1031.5999755859	0.74862944949903	70.461637462138	50.000000000000	0.0000000000000
1032.0000000000	0.74927090813718	70.373417995423	50.000000000000	0.0000000000000
1032.4000244141	0.74990865169450	70.285453368259	50.000000000000	0.0000000000000
1032.8000488281	0.75054277145383	70.197746639335	50.000000000000	0.0000000000000
1033.1999511719	0.75117333754174	70.110278578377	50.000000000000	0.0000000000000
1033.5999755859	0.75180037579626	70.023079544956	50.000000000000	0.0000000000000
1034.0000000000	0.75242386966077	69.936135220750	50.000000000000	0.0000000000000
1034.4000244141	0.75304381854959	69.849441414841	50.000000000000	0.0000000000000
1034.8000488281	0.75366033400105	69.762997094609	50.000000000000	0.0000000000000
1035.1999511719	0.75427352550561	69.676827788602	50.000000000000	0.0000000000000
1035.5999755859	0.75488331729314	69.590905558700	50.000000000000	0.0000000000000
1036.0000000000	0.75548970255610	69.505240620194	50.000000000000	0.0000000000000
1036.4000244141	0.75609277133378	69.419836292719	50.000000000000	0.0000000000000
1036.8000488281	0.75669266912158	69.334697528401	50.000000000000	0.0000000000000
1037.1999511719	0.75728928340254	69.249817132878	50.000000000000	0.0000000000000
1037.5999755859	0.75788279131075	69.165193801480	50.000000000000	0.0000000000000
1038.0000000000	0.75847302780797	69.080830901064	50.000000000000	0.0000000000000
1038.4000244141	0.75906027046979	68.996732511551	50.000000000000	0.0000000000000
1038.8000488281	0.75964434087969	68.912891989857	50.000000000000	0.0000000000000
1039.1999511719	0.76022551827892	68.829325623087	50.000000000000	0.0000000000000
1039.5999755859	0.76080365474254	68.746008407356	50.000000000000	0.0000000000000
1040.0000000000	0.76137891826314	68.662953483110	50.000000000000	0.0000000000000
1040.4000244141	0.76195126471342	68.580165399279	50.000000000000	0.0000000000000
1040.8000488281	0.76252073780770	68.497644071914	50.000000000000	0.0000000000000
1041.1999511719	0.76308743604763	68.415379041260	50.000000000000	0.0000000000000
1041.5999755859	0.76365142606470	68.333378205123	50.000000000000	0.0000000000000
1042.0000000000	0.76421262985331	68.251640356671	50.000000000000	0.0000000000000
1042.4000244141	0.76477117978704	68.170160958625	50.000000000000	0.0000000000000
1042.8000488281	0.76532711957942	68.088952111277	50.000000000000	0.0000000000000
1043.1999511719	0.76588057065460	68.007999429066	50.000000000000	0.0000000000000
1043.5999755859	0.76643135539279	67.927308379554	50.000000000000	0.0000000000000
1044.0000000000	0.76697979454701	67.846875481081	50.000000000000	0.0000000000000
1044.4000244141	0.76752570891355	67.766718192486	50.000000000000	0.0000000000000
1044.8000488281	0.76806931111786	67.686805814571	50.000000000000	0.0000000000000
1045.1999511719	0.76861057762916	67.607150966717	50.000000000000	0.0000000000000
1045.5999755859	0.76914958271726	67.527771675782	50.000000000000	0.0000000000000
1046.0000000000	0.76968623112268	67.448635116180	50.000000000000	0.0000000000000
1046.4000244141	0.77022075080262	67.369766508432	50.000000000000	0.0000000000000
1046.8000488281	0.77075316702073	67.291146430496	50.000000000000	0.0000000000000
1047.1999511719	0.77128342289173	67.212781739364	50.000000000000	0.0000000000000
1047.5999755859	0.77181171543054	67.134680018307	50.000000000000	0.0000000000000
1048.0000000000	0.77233796982713	67.056828394065	50.000000000000	0.0000000000000
1048.4000244141	0.77286227335483	66.979231084100	50.000000000000	0.0000000000000
1048.8000488281	0.77338468151781	66.901886541573	50.000000000000	0.0000000000000
1049.1999511719	0.77390528510180	66.824787167095	50.000000000000	0.0000000000000
1049.5999755859	0.77442402654186	66.747939889555	50.000000000000	0.0000000000000
1050.0000000000	0.77494107096180	66.671346721147	50.000000000000	0.0000000000000
1050.4000244141	0.77545642371548	66.594992638119	50.000000000000	0.0000000000000
1050.8000488281	0.77597005806742	66.518890391226	50.000000000000	0.0000000000000
1051.1999511719	0.77648220347456	66.443020181292	50.000000000000	0.0000000000000
1051.5999755859	0.77699275459572	66.367397085626	50.000000000000	0.0000000000000
1052.0000000000	0.77750177940335	66.292017763435	50.000000000000	0.0000000000000
1052.4000244141	0.77800934609695	66.216878914176	50.000000000000	0.0000000000000
1052.8000488281	0.77851555926251	66.141971259436	50.000000000000	0.0000000000000
1053.1999511719	0.77902034875606	66.067303846062	50.000000000000	0.0000000000000
1053.5999755859	0.77952391030765	65.992863226829	50.000000000000	0.0000000000000
1054.0000000000	0.78002609492935	65.918660687580	50.000000000000	0.0000000000000
1054.4000244141	0.78052711111534	65.844680866041	50.000000000000	0.0000000000000
1054.8000488281	0.78102708281530	65.770922478529	50.000000000000	0.0000000000000
1055.1999511719	0.78152582390759	65.697402795260	50.000000000000	0.0000000000000
1055.5999755859	0.78202346685976	65.624087266050	50.000000000000	0.0000000000000
1056.0000000000	0.78252010205838	65.551011913262	50.000000000000	0.0000000000000
1056.4000244141	0.78301575462367	65.478138702444	50.000000000000	0.0000000000000
1056.8000488281	0.78351054640734	65.405487984600	50.000000000000	0.0000000000000
1057.1999511719	0.78400440966587	65.333047428393	50.000000000000	0.0000000000000
1057.5999755859	0.78449737329919	65.260810332285	50.000000000000	0.0000000000000
1058.0000000000	0.78498953734970	65.188779599957	50.000000000000	0.0000000000000
1058.4000244141	0.78548093504129	65.116958310136	50.000000000000	0.0000000000000
1058.8000488281	0.78597159188990	65.045330124855	50.000000000000	0.0000000000000
1059.1999511719	0.78646162806527	64.973915486547	50.000000000000	0.0000000000000
1059.5999755859	0.78695098333352	64.902680807895	50.000000000000	0.0000000000000
1060.0000000000	0.78743976515284	64.831648536204	50.000000000000	0.0000000000000
1060.4000244141	0.78792799740568	64.760792770515	50.000000000000	0.0000000000000
1060.8000488281	0.78841566644264	64.690134250295	50.000000000000	0.0000000000000
1061.1999511719	0.78890289220639	64.619652794511	50.000000000000	0.0000000000000
1061.5999755859	0.78938964231433	64.549351755515	50.000000000000	0.0000000000000
1062.0000000000	0.78987589456335	64.479222850742	50.000000000000	0.0000000000000
1062.4000244141	0.79036189835702	64.409276804557	50.000000000000	0.0000000000000
1062.8000488281	0.79084745544814	64.339492081805	50.000000000000	0.0000000000000
1063.1999511719	0.79133278759418	64.269873713485	50.000000000000	0.0000000000000
1063.5999755859	0.79181779422791	64.200415535098	50.000000000000	0.0000000000000
1064.0000000000	0.79230246945106	64.131117064097	50.000000000000	0.0000000000000
1064.4000244141	0.79278702033537	64.061975723601	50.000000000000	0.0000000000000
1064.8000488281	0.79327133270339	63.992977690436	50.000000000000	0.0000000000000
1065.1999511719	0.79375550972011	63.924135942061	50.000000000000	0.0000000000000
1065.5999755859	0.79423954373483	63.855430828525	50.000000000000	0.0000000000000
1066.0000000000	0.79472351065504	63.786869615300	50.000000000000	0.0000000000000
1066.4000244141	0.79520727146817	63.718442368180	50.000000000000	0.0000000000000
1066.8000488281	0.79569115479217	63.650148601432	50.000000000000	0.0000000000000
1067.1999511719	0.79617482252958	63.581978475910	50.000000000000	0.0000000000000
1067.5999755859	0.79665851059045	63.513935424557	50.000000000000	0.0000000000000
1068.0000000000	0.79714224138195	63.446015292593	50.000000000000	0.0000000000000
1068.4000244141	0.79762595771745	63.378206278967	50.000000000000	0.0000000000000
1068.8000488281	0.79810969601450	63.310511916085	50.000000000000	0.0000000000000
1069.1999511719	0.79859343967667	63.242924253322	50.000000000000	0.0000000000000
1069.5999755859	0.79907737193845	63.175444975760	50.000000000000	0.0000000000000
1070.0000000000	0.79956118324544	63.108069894871	50.000000000000	0.0000000000000
1070.4000244141	0.80004521902136	63.040777869940	50.000000000000	0.0000000000000
1070.8000488281	0.80052933037086	62.973570537191	50.000000000000	0.0000000000000
1071.1999511719	0.80101349910303	62.906468633229	50.000000000000	0.0000000000000
1071.5999755859	0.80149779560222	62.839424302929	50.000000000000	0.0000000000000
1072.0000000000	0.80198224168289	62.772462159478	50.000000000000	0.0000000000000
1072.4000244141	0.80246672427646	62.705606642884	50.000000000000	0.0000000000000
1072.8000488281	0.80295138822471	62.638781534244	50.000000000000	0.0000000000000
1073.1999511719	0.80343615132701	62.572062690063	50.000000000000	0.0000000000000
1073.5999755859	0.80392102765510	62.505373870627	50.000000000000	0.0000000000000
1074.0000000000	0.80440605212841	62.438737789340	50.000000000000	0.0000000000000
1074.4000244141	0.80489112245114	62.372186426209	50.000000000000	0.0000000000000
1074.8000488281	0.80537634653514	62.305659008884	50.000000000000	0.0000000000000
1075.1999511719	0.80586162244071	62.239187515797	50.000000000000	0.0000000000000
1075.5999755859	0.80634708264257	62.172771977919	50.000000000000	0.0000000000000
1076.0000000000	0.80683254503841	62.106355148737	50.000000000000	0.0000000000000
1076.4000244141	0.80731812966241	62.040020409625	50.000000000000	0.0000000000000
1076.8000488281	0.80780376661211	61.973659628535	50.000000000000	0.0000000000000
1077.1999511719	0.80828936407656	61.907348204645	50.000000000000	0.0000000000000
1077.5999755859	0.80877510072325	61.841071190736	50.000000000000	0.0000000000000
1078.0000000000	0.80926075400591	61.774786476344	50.000000000000	0.0000000000000
1078.4000244141	0.80974646764690	61.708537668453	50.000000000000	0.0000000000000
1078.8000488281	0.81023208700379	61.642282796133	50.000000000000	0.0000000000000
1079.1999511719	0.81071772902535	61.576033331118	50.000000000000	0.0000000000000
1079.5999755859	0.81120320006659	61.509779298260	50.000000000000	0.0000000000000
1080.0000000000	0.81168860700927	61.443524598120	50.000000000000	0.0000000000000
1080.4000244141	0.81217380444539	61.377244292337	50.000000000000	0.0000000000000
1080.8000488281	0.81265891344188	61.310993134309	50.000000000000	0.0000000000000
1081.1999511719	0.81314389848492	61.244714476427	50.000000000000	0.0000000000000
1081.5999755859	0.81362851089099	61.178405671565	50.000000000000	0.0000000000000
1082.0000000000	0.81411290885148	61.112098954240	50.000000000000	0.0000000000000
1082.4000244141	0.81459700881298	61.045735757204	50.000000000000	0.0000000000000
1082.8000488281	0.81508072913123	60.979370148898	50.000000000000	0.0000000000000
1083.1999511719	0.81556415328742	60.912957216649	50.000000000000	0.0000000000000
1083.5999755859	0.81604715137065	60.846539547370	50.000000000000	0.0000000000000
1084.0000000000	0.81652963784584	60.780067987254	50.000000000000	0.0000000000000
1084.4000244141	0.81701168390118	60.713542639973	50.000000000000	0.0000000000000
1084.8000488281	0.81749317564608	60.646961129156	50.000000000000	0.0000000000000
1085.1999511719	0.81797401671804	60.580352887671	50.000000000000	0.0000000000000
1085.5999755859	0.81845423077931	60.513689759849	50.000000000000	0.0000000000000
1086.0000000000	0.81893378697814	60.447001349679	50.000000000000	0.0000000000000
1086.4000244141	0.81941259805373	60.380231117856	50.000000000000	0.0000000000000
1086.8000488281	0.81989065602340	60.313431117740	50.000000000000	0.0000000000000
1087.1999511719	0.82036778706747	60.246522124935	50.000000000000	0.0000000000000
1087.5999755859	0.82084407837486	60.179586328760	50.000000000000	0.0000000000000
1088.0000000000	0.82131930575550	60.112575991618	50.000000000000	0.0000000000000
1088.4000244141	0.82179370336573	60.045504867092	50.000000000000	0.0000000000000
1088.8000488281	0.82226687023365	59.978363614264	50.000000000000	0.0000000000000
1089.1999511719	0.82273894488055	59.911152531851	50.000000000000	0.0000000000000
1089.5999755859	0.82320986627984	59.843871090214	50.000000000000	0.0000000000000
1090.0000000000	0.82367950044051	59.776510982941	50.000000000000	0.0000000000000
1090.4000244141	0.82414787470744	59.709077604738	50.000000000000	0.0000000000000
1090.8000488281	0.82461476514748	59.641573333312	50.000000000000	0.0000000000000
1091.1999511719	0.82508031927077	59.573989220767	50.000000000000	0.0000000000000
1091.5999755859	0.82554422580118	59.506321614065	50.000000000000	0.0000000000000
1092.0000000000	0.82600666007751	59.438574682011	50.000000000000	0.0000000000000
1092.4000244141	0.82646747997445	59.370749224775	50.000000000000	0.0000000000000
1092.8000488281	0.82692654331230	59.302845992337	50.000000000000	0.0000000000000
1093.1999511719	0.82738379384269	59.234847612947	50.000000000000	0.0000000000000
1093.5999755859	0.82783923918987	59.166777757131	50.000000000000	0.0000000000000
1094.0000000000	0.82829273154124	59.098629650110	50.000000000000	0.0000000000000
1094.4000244141	0.82874418488924	59.030389414776	50.000000000000	0.0000000000000
1094.8000488281	0.82919359553258	58.962065783658	50.000000000000	0.0000000000000
1095.1999511719	0.82964092352681	58.893663577998	50.000000000000	0.0000000000000
1095.5999755859	0.83008595545483	58.825175554550	50.000000000000	0.0000000000000
1096.0000000000	0.83052871774015	58.756606834621	50.000000000000	0.0000000000000
1096.4000244141	0.83096913459784	58.687958263324	50.000000000000	0.0000000000000
1096.8000488281	0.83140712584734	58.619223257618	50.000000000000	0.0000000000000
1097.1999511719	0.83184260461126	58.550411761797	50.000000000000	0.0000000000000
1097.5999755859	0.83227544400756	58.481522382048	50.000000000000	0.0000000000000
1098.0000000000	0.83270566562014	58.412552739201	50.000000000000	0.0000000000000
1098.4000244141	0.83313307641581	58.343500988222	50.000000000000	0.0000000000000
1098.8000488281	0.83355777199858	58.274379890327	50.000000000000	0.0000000000000
1099.1999511719	0.83397952384475	58.205183626812	50.000000000000	0.0000000000000
1099.5999755859	0.83439829058322	58.135916693308	50.000000000000	0.0000000000000
1100.0000000000	0.83481404627436	58.066581824401	50.000000000000	0.0000000000000
