#Parameters = {B=44; D_M=5.208; Feed=26.3; Feed_real=-4.3; Groudmax=0; LPiste=4.459; Largeur=29; TermA=89; Zmax=0.09; Zmin=0}
#"Frequency / MHz"	"S1,1 [Mag]"	"S1,1 [Pha / deg]"	"Ref.Imp. [Mag]"	"Ref.Imp. [Pha / deg]"
#-----------------------------------------------------------------------------------------
700.00000000000	0.95273009840792	53.887581874965	50.000000000000	0.0000000000000
700.40002441406	0.95278818923437	53.773692849026	50.000000000000	0.0000000000000
700.79998779297	0.95283435032521	53.659008231406	50.000000000000	0.0000000000000
701.20001220703	0.95286817858821	53.543568754766	50.000000000000	0.0000000000000
701.59997558594	0.95288965636772	53.427383211103	50.000000000000	0.0000000000000
702.00000000000	0.95289846792294	53.310478282028	50.000000000000	0.0000000000000
702.40002441406	0.95289452031862	53.192868216666	50.000000000000	0.0000000000000
702.79998779297	0.95287763532628	53.074567855352	50.000000000000	0.0000000000000
703.20001220703	0.95284763185421	52.955609796956	50.000000000000	0.0000000000000
703.59997558594	0.95280445688297	52.836010034180	50.000000000000	0.0000000000000
704.00000000000	0.95274775715751	52.715784335644	50.000000000000	0.0000000000000
704.40002441406	0.95267772587131	52.594946382493	50.000000000000	0.0000000000000
704.79998779297	0.95259412197073	52.473526083594	50.000000000000	0.0000000000000
705.20001220703	0.95249676213096	52.351542462004	50.000000000000	0.0000000000000
705.59997558594	0.95238562745993	52.229013113465	50.000000000000	0.0000000000000
706.00000000000	0.95226068598392	52.105950536171	50.000000000000	0.0000000000000
706.40002441406	0.95212185084471	51.982382878087	50.000000000000	0.0000000000000
706.79998779297	0.95196897400453	51.858330946066	50.000000000000	0.0000000000000
707.20001220703	0.95180218237050	51.733805784457	50.000000000000	0.0000000000000
707.59997558594	0.95162123875378	51.608828647047	50.000000000000	0.0000000000000
708.00000000000	0.95142620052053	51.483421140858	50.000000000000	0.0000000000000
708.40002441406	0.95121712159948	51.357604869161	50.000000000000	0.0000000000000
708.79998779297	0.95099389473727	51.231384590631	50.000000000000	0.0000000000000
709.20001220703	0.95075654926352	51.104794729744	50.000000000000	0.0000000000000
709.59997558594	0.95050505643820	50.977839394156	50.000000000000	0.0000000000000
710.00000000000	0.95023946715126	50.850545130861	50.000000000000	0.0000000000000
710.40002441406	0.94995977345777	50.722931167708	50.000000000000	0.0000000000000
710.79998779297	0.94966612374901	50.595010659139	50.000000000000	0.0000000000000
711.20001220703	0.94935837439641	50.466801047710	50.000000000000	0.0000000000000
711.59997558594	0.94903671449128	50.338317792259	50.000000000000	0.0000000000000
712.00000000000	0.94870116251404	50.209577366744	50.000000000000	0.0000000000000
712.40002441406	0.94835182549587	50.080600869410	50.000000000000	0.0000000000000
712.79998779297	0.94798862437932	49.951400187546	50.000000000000	0.0000000000000
713.20001220703	0.94761174405443	49.821996029109	50.000000000000	0.0000000000000
713.59997558594	0.94722122261192	49.692397133014	50.000000000000	0.0000000000000
714.00000000000	0.94681727785352	49.562621609000	50.000000000000	0.0000000000000
714.40002441406	0.94639978173591	49.432684186091	50.000000000000	0.0000000000000
714.79998779297	0.94596903016723	49.302602706063	50.000000000000	0.0000000000000
715.20001220703	0.94552514164827	49.172390838105	50.000000000000	0.0000000000000
715.59997558594	0.94506810308245	49.042060319113	50.000000000000	0.0000000000000
716.00000000000	0.94459802243595	48.911619814525	50.000000000000	0.0000000000000
716.40002441406	0.94411519082120	48.781092693318	50.000000000000	0.0000000000000
716.79998779297	0.94361963228895	48.650493285153	50.000000000000	0.0000000000000
717.20001220703	0.94311147638984	48.519817594035	50.000000000000	0.0000000000000
717.59997558594	0.94259088273749	48.389092369473	50.000000000000	0.0000000000000
718.00000000000	0.94205803180348	48.258326442519	50.000000000000	0.0000000000000
718.40002441406	0.94151302273807	48.127534162734	50.000000000000	0.0000000000000
718.79998779297	0.94095602748409	47.996719445898	50.000000000000	0.0000000000000
719.20001220703	0.94038726961364	47.865899006668	50.000000000000	0.0000000000000
719.59997558594	0.93980679736700	47.735085081731	50.000000000000	0.0000000000000
720.00000000000	0.93921485769706	47.604276539865	50.000000000000	0.0000000000000
720.40002441406	0.93861159101886	47.473500994158	50.000000000000	0.0000000000000
720.79998779297	0.93799723372583	47.342747309933	50.000000000000	0.0000000000000
721.20001220703	0.93737188106977	47.212046045733	50.000000000000	0.0000000000000
721.59997558594	0.93673577042125	47.081391458220	50.000000000000	0.0000000000000
722.00000000000	0.93608906401716	46.950793572689	50.000000000000	0.0000000000000
722.40002441406	0.93543192225475	46.820262539522	50.000000000000	0.0000000000000
722.79998779297	0.93476462882734	46.689805824191	50.000000000000	0.0000000000000
723.20001220703	0.93408716992530	46.559428988747	50.000000000000	0.0000000000000
723.59997558594	0.93339999722610	46.429144662116	50.000000000000	0.0000000000000
724.00000000000	0.93270309003837	46.298948299411	50.000000000000	0.0000000000000
724.40002441406	0.93199677031695	46.168850461181	50.000000000000	0.0000000000000
724.79998779297	0.93128127388344	46.038862024323	50.000000000000	0.0000000000000
725.20001220703	0.93055666210106	45.908978638539	50.000000000000	0.0000000000000
725.59997558594	0.92982321143840	45.779213987328	50.000000000000	0.0000000000000
726.00000000000	0.92908119322387	45.649566369562	50.000000000000	0.0000000000000
726.40002441406	0.92833062744840	45.520044788846	50.000000000000	0.0000000000000
726.79998779297	0.92757178427548	45.390647781630	50.000000000000	0.0000000000000
727.20001220703	0.92680489228159	45.261381871647	50.000000000000	0.0000000000000
727.59997558594	0.92603017848041	45.132243313625	50.000000000000	0.0000000000000
728.00000000000	0.92524791237908	45.003241538774	50.000000000000	0.0000000000000
728.40002441406	0.92445806734415	44.874373072345	50.000000000000	0.0000000000000
728.79998779297	0.92366103777457	44.745644999456	50.000000000000	0.0000000000000
729.20001220703	0.92285696510172	44.617054091004	50.000000000000	0.0000000000000
729.59997558594	0.92204603281871	44.488599840657	50.000000000000	0.0000000000000
730.00000000000	0.92122850860922	44.360281913721	50.000000000000	0.0000000000000
730.40002441406	0.92040448920792	44.232110488978	50.000000000000	0.0000000000000
730.79998779297	0.91957416060647	44.104069672928	50.000000000000	0.0000000000000
731.20001220703	0.91873787045176	43.976175354753	50.000000000000	0.0000000000000
731.59997558594	0.91789567831658	43.848414383435	50.000000000000	0.0000000000000
732.00000000000	0.91704768860131	43.720771031162	50.000000000000	0.0000000000000
732.40002441406	0.91619436322380	43.593290766985	50.000000000000	0.0000000000000
732.79998779297	0.91533565153054	43.465921001054	50.000000000000	0.0000000000000
733.20001220703	0.91447182283137	43.338662334051	50.000000000000	0.0000000000000
733.59997558594	0.91360300800288	43.211539058124	50.000000000000	0.0000000000000
734.00000000000	0.91272944678841	43.084522932242	50.000000000000	0.0000000000000
734.40002441406	0.91185134976919	42.957643976205	50.000000000000	0.0000000000000
734.79998779297	0.91096870239145	42.830878871075	50.000000000000	0.0000000000000
735.20001220703	0.91008188075409	42.704191909773	50.000000000000	0.0000000000000
735.59997558594	0.90919094908103	42.577642322165	50.000000000000	0.0000000000000
736.00000000000	0.90829610463298	42.451148963069	50.000000000000	0.0000000000000
736.40002441406	0.90739741745401	42.324760622897	50.000000000000	0.0000000000000
736.79998779297	0.90649517260871	42.198457671941	50.000000000000	0.0000000000000
737.20001220703	0.90558943659117	42.072233203754	50.000000000000	0.0000000000000
737.59997558594	0.90468041426030	41.946067427435	50.000000000000	0.0000000000000
738.00000000000	0.90376815182209	41.819980166304	50.000000000000	0.0000000000000
738.40002441406	0.90285285533012	41.693951764533	50.000000000000	0.0000000000000
738.79998779297	0.90193468970943	41.567919525880	50.000000000000	0.0000000000000
739.20001220703	0.90101369530047	41.441999985037	50.000000000000	0.0000000000000
739.59997558594	0.90009008976570	41.316077077893	50.000000000000	0.0000000000000
740.00000000000	0.89916393866577	41.190154801475	50.000000000000	0.0000000000000
740.40002441406	0.89823532292266	41.064261531664	50.000000000000	0.0000000000000
740.79998779297	0.89730443935806	40.938393977563	50.000000000000	0.0000000000000
741.20001220703	0.89637132731208	40.812502289394	50.000000000000	0.0000000000000
741.59997558594	0.89543606623879	40.686579868032	50.000000000000	0.0000000000000
742.00000000000	0.89449884615236	40.560634217612	50.000000000000	0.0000000000000
742.40002441406	0.89355970801483	40.434655958167	50.000000000000	0.0000000000000
742.79998779297	0.89261875731593	40.308652315130	50.000000000000	0.0000000000000
743.20001220703	0.89167596988304	40.182567399516	50.000000000000	0.0000000000000
743.59997558594	0.89073151772095	40.056425037607	50.000000000000	0.0000000000000
744.00000000000	0.88978546857737	39.930199634222	50.000000000000	0.0000000000000
744.40002441406	0.88883795465733	39.803882250226	50.000000000000	0.0000000000000
744.79998779297	0.88788885749941	39.677462469164	50.000000000000	0.0000000000000
745.20001220703	0.88693828176083	39.550922923080	50.000000000000	0.0000000000000
745.59997558594	0.88598635584340	39.424260056192	50.000000000000	0.0000000000000
746.00000000000	0.88503301977695	39.297455438212	50.000000000000	0.0000000000000
746.40002441406	0.88407845046213	39.170503056848	50.000000000000	0.0000000000000
746.79998779297	0.88312255394595	39.043381388104	50.000000000000	0.0000000000000
747.20001220703	0.88216541739763	38.916089262090	50.000000000000	0.0000000000000
747.59997558594	0.88120699691680	38.788602570127	50.000000000000	0.0000000000000
748.00000000000	0.88024730765479	38.660914034703	50.000000000000	0.0000000000000
748.40002441406	0.87928646839038	38.533006053713	50.000000000000	0.0000000000000
748.79998779297	0.87832431994848	38.404875504777	50.000000000000	0.0000000000000
749.20001220703	0.87736099408616	38.276499218938	50.000000000000	0.0000000000000
749.59997558594	0.87639641801225	38.147874567814	50.000000000000	0.0000000000000
750.00000000000	0.87543057040340	38.018971481924	50.000000000000	0.0000000000000
750.40002441406	0.87446341839335	37.889790224423	50.000000000000	0.0000000000000
750.79998779297	0.87349487720076	37.760313880129	50.000000000000	0.0000000000000
751.20001220703	0.87252516225084	37.630525140458	50.000000000000	0.0000000000000
751.59997558594	0.87155387321534	37.500418158789	50.000000000000	0.0000000000000
752.00000000000	0.87058128742504	37.369967594370	50.000000000000	0.0000000000000
752.40002441406	0.86960713892423	37.239165661665	50.000000000000	0.0000000000000
752.79998779297	0.86863146073356	37.108004287116	50.000000000000	0.0000000000000
753.20001220703	0.86765414345365	36.976462791459	50.000000000000	0.0000000000000
753.59997558594	0.86667515191621	36.844526630343	50.000000000000	0.0000000000000
754.00000000000	0.86569444069530	36.712186679565	50.000000000000	0.0000000000000
754.40002441406	0.86471184659706	36.579429742202	50.000000000000	0.0000000000000
754.79998779297	0.86372737485117	36.446244109410	50.000000000000	0.0000000000000
755.20001220703	0.86274090372965	36.312599713828	50.000000000000	0.0000000000000
755.59997558594	0.86175228614749	36.178497148150	50.000000000000	0.0000000000000
756.00000000000	0.86076149742563	36.043921143597	50.000000000000	0.0000000000000
756.40002441406	0.85976837006451	35.908863315759	50.000000000000	0.0000000000000
756.79998779297	0.85877281299556	35.773301689137	50.000000000000	0.0000000000000
757.20001220703	0.85777469333075	35.637223600896	50.000000000000	0.0000000000000
757.59997558594	0.85677392835840	35.500613907643	50.000000000000	0.0000000000000
758.00000000000	0.85577047500942	35.363467764394	50.000000000000	0.0000000000000
758.40002441406	0.85476396989876	35.225763645793	50.000000000000	0.0000000000000
758.79998779297	0.85375445586655	35.087497315278	50.000000000000	0.0000000000000
759.20001220703	0.85274169068673	34.948651050214	50.000000000000	0.0000000000000
759.59997558594	0.85172561746970	34.809210509696	50.000000000000	0.0000000000000
760.00000000000	0.85070598330739	34.669163114950	50.000000000000	0.0000000000000
760.40002441406	0.84968281783060	34.528495193483	50.000000000000	0.0000000000000
760.79998779297	0.84865574083739	34.387202260897	50.000000000000	0.0000000000000
761.20001220703	0.84762468500183	34.245267583975	50.000000000000	0.0000000000000
761.59997558594	0.84658958526038	34.102674266378	50.000000000000	0.0000000000000
762.00000000000	0.84555006556836	33.959417109051	50.000000000000	0.0000000000000
762.40002441406	0.84450614686237	33.815479877832	50.000000000000	0.0000000000000
762.79998779297	0.84345742242392	33.670853520349	50.000000000000	0.0000000000000
763.20001220703	0.84240393325734	33.525523081005	50.000000000000	0.0000000000000
763.59997558594	0.84134542373912	33.379486911428	50.000000000000	0.0000000000000
764.00000000000	0.84028167350515	33.232724549247	50.000000000000	0.0000000000000
764.40002441406	0.83921246276874	33.085229896544	50.000000000000	0.0000000000000
764.79998779297	0.83813759003513	32.936990982387	50.000000000000	0.0000000000000
765.20001220703	0.83705700400278	32.787996303749	50.000000000000	0.0000000000000
765.59997558594	0.83597039176246	32.638228775359	50.000000000000	0.0000000000000
766.00000000000	0.83487743373222	32.487700431086	50.000000000000	0.0000000000000
766.40002441406	0.83377813899439	32.336374751233	50.000000000000	0.0000000000000
766.79998779297	0.83267212296927	32.184263745416	50.000000000000	0.0000000000000
767.20001220703	0.83155932723336	32.031345609568	50.000000000000	0.0000000000000
767.59997558594	0.83043930724023	31.877617433476	50.000000000000	0.0000000000000
768.00000000000	0.82931205550496	31.723062071612	50.000000000000	0.0000000000000
768.40002441406	0.82817737535238	31.567680027935	50.000000000000	0.0000000000000
768.79998779297	0.82703487473039	31.411465318618	50.000000000000	0.0000000000000
769.20001220703	0.82588433504424	31.254399436495	50.000000000000	0.0000000000000
769.59997558594	0.82472566336876	31.096477708158	50.000000000000	0.0000000000000
770.00000000000	0.82355856776366	30.937696340525	50.000000000000	0.0000000000000
770.40002441406	0.82238280767239	30.778049083780	50.000000000000	0.0000000000000
770.79998779297	0.82119814884459	30.617521891683	50.000000000000	0.0000000000000
771.20001220703	0.82000434669512	30.456115355679	50.000000000000	0.0000000000000
771.59997558594	0.81880116877844	30.293814772988	50.000000000000	0.0000000000000
772.00000000000	0.81758842272883	30.130618009111	50.000000000000	0.0000000000000
772.40002441406	0.81636588621689	29.966519040620	50.000000000000	0.0000000000000
772.79998779297	0.81513324870577	29.801517510605	50.000000000000	0.0000000000000
773.20001220703	0.81389022906376	29.635599437317	50.000000000000	0.0000000000000
773.59997558594	0.81263671703782	29.468762985408	50.000000000000	0.0000000000000
774.00000000000	0.81137241056760	29.300999216620	50.000000000000	0.0000000000000
774.40002441406	0.81009700585252	29.132315767981	50.000000000000	0.0000000000000
774.79998779297	0.80881049887282	28.962688822274	50.000000000000	0.0000000000000
775.20001220703	0.80751231028746	28.792133742989	50.000000000000	0.0000000000000
775.59997558594	0.80620246623614	28.620629707242	50.000000000000	0.0000000000000
776.00000000000	0.80488059490420	28.448183174511	50.000000000000	0.0000000000000
776.40002441406	0.80354650431596	28.274788405958	50.000000000000	0.0000000000000
776.79998779297	0.80219991150806	28.100445219113	50.000000000000	0.0000000000000
777.20001220703	0.80084061008857	27.925145291463	50.000000000000	0.0000000000000
777.59997558594	0.79946831643567	27.748887688225	50.000000000000	0.0000000000000
778.00000000000	0.79808286561280	27.571669016833	50.000000000000	0.0000000000000
778.40002441406	0.79668398644704	27.393489520600	50.000000000000	0.0000000000000
778.79998779297	0.79527144608926	27.214345187384	50.000000000000	0.0000000000000
779.20001220703	0.79384498533853	27.034237410288	50.000000000000	0.0000000000000
779.59997558594	0.79240436991615	26.853161419030	50.000000000000	0.0000000000000
780.00000000000	0.79094941876230	26.671119762367	50.000000000000	0.0000000000000
780.40002441406	0.78947976275163	26.488106933897	50.000000000000	0.0000000000000
780.79998779297	0.78799533870853	26.304122805857	50.000000000000	0.0000000000000
781.20001220703	0.78649578839585	26.119172693916	50.000000000000	0.0000000000000
781.59997558594	0.78498095272735	25.933251892294	50.000000000000	0.0000000000000
782.00000000000	0.78345061843489	25.746357241731	50.000000000000	0.0000000000000
782.40002441406	0.78190452819036	25.558498811415	50.000000000000	0.0000000000000
782.79998779297	0.78034243977308	25.369668747731	50.000000000000	0.0000000000000
783.20001220703	0.77876410769763	25.179868536155	50.000000000000	0.0000000000000
783.59997558594	0.77716932247629	24.989105239713	50.000000000000	0.0000000000000
784.00000000000	0.77555797161819	24.797370068843	50.000000000000	0.0000000000000
784.40002441406	0.77392974612082	24.604675099750	50.000000000000	0.0000000000000
784.79998779297	0.77228439243119	24.411020319033	50.000000000000	0.0000000000000
785.20001220703	0.77062175180655	24.216399626631	50.000000000000	0.0000000000000
785.59997558594	0.76894170749612	24.020824565996	50.000000000000	0.0000000000000
786.00000000000	0.76724385488361	23.824291518261	50.000000000000	0.0000000000000
786.40002441406	0.76552811413394	23.626807477004	50.000000000000	0.0000000000000
786.79998779297	0.76379428829350	23.428370754974	50.000000000000	0.0000000000000
787.20001220703	0.76204221406147	23.228985438661	50.000000000000	0.0000000000000
787.59997558594	0.76027157249958	23.028662634763	50.000000000000	0.0000000000000
788.00000000000	0.75848213602153	22.827395340945	50.000000000000	0.0000000000000
788.40002441406	0.75667395597793	22.625191680490	50.000000000000	0.0000000000000
788.79998779297	0.75484661480381	22.422057163343	50.000000000000	0.0000000000000
789.20001220703	0.75300000145093	22.217994436661	50.000000000000	0.0000000000000
789.59997558594	0.75113401331718	22.013007970763	50.000000000000	0.0000000000000
790.00000000000	0.74924841186654	21.807101132672	50.000000000000	0.0000000000000
790.40002441406	0.74734285575025	21.600282358333	50.000000000000	0.0000000000000
790.79998779297	0.74541747625822	21.392552628538	50.000000000000	0.0000000000000
791.20001220703	0.74347191436577	21.183917602555	50.000000000000	0.0000000000000
791.59997558594	0.74150607281708	20.974384408899	50.000000000000	0.0000000000000
792.00000000000	0.73951966215025	20.763960542279	50.000000000000	0.0000000000000
792.40002441406	0.73751262262443	20.552648720172	50.000000000000	0.0000000000000
792.79998779297	0.73548484582965	20.340455219171	50.000000000000	0.0000000000000
793.20001220703	0.73343616353065	20.127387669358	50.000000000000	0.0000000000000
793.59997558594	0.73136639317807	19.913451202773	50.000000000000	0.0000000000000
794.00000000000	0.72927534346490	19.698649501175	50.000000000000	0.0000000000000
794.40002441406	0.72716294037673	19.482998693252	50.000000000000	0.0000000000000
794.79998779297	0.72502901544394	19.266494806977	50.000000000000	0.0000000000000
795.20001220703	0.72287352249701	19.049147519185	50.000000000000	0.0000000000000
795.59997558594	0.72069611886646	18.830971781097	50.000000000000	0.0000000000000
796.00000000000	0.71849688890677	18.611965478953	50.000000000000	0.0000000000000
796.40002441406	0.71627567384621	18.392144089980	50.000000000000	0.0000000000000
796.79998779297	0.71403230508015	18.171506640703	50.000000000000	0.0000000000000
797.20001220703	0.71176660489166	17.950065781673	50.000000000000	0.0000000000000
797.59997558594	0.70947857843199	17.727834105012	50.000000000000	0.0000000000000
798.00000000000	0.70716806221822	17.504814429054	50.000000000000	0.0000000000000
798.40002441406	0.70483498131394	17.281017034840	50.000000000000	0.0000000000000
798.79998779297	0.70247924676990	17.056449740410	50.000000000000	0.0000000000000
799.20001220703	0.70010070775479	16.831121589232	50.000000000000	0.0000000000000
799.59997558594	0.69769927822851	16.605043495884	50.000000000000	0.0000000000000
800.00000000000	0.69527496841035	16.378219934949	50.000000000000	0.0000000000000
800.40002441406	0.69282762904108	16.150664133156	50.000000000000	0.0000000000000
800.79998779297	0.69035714990217	15.922384212860	50.000000000000	0.0000000000000
801.20001220703	0.68786348518382	15.693390341145	50.000000000000	0.0000000000000
801.59997558594	0.68534652613173	15.463693935298	50.000000000000	0.0000000000000
802.00000000000	0.68280632684488	15.233301123336	50.000000000000	0.0000000000000
802.40002441406	0.68024271792104	15.002226874081	50.000000000000	0.0000000000000
802.79998779297	0.67765562353953	14.770478552308	50.000000000000	0.0000000000000
803.20001220703	0.67504509316965	14.538065735346	50.000000000000	0.0000000000000
803.59997558594	0.67241093973177	14.305003086673	50.000000000000	0.0000000000000
804.00000000000	0.66975319004027	14.071296424222	50.000000000000	0.0000000000000
804.40002441406	0.66707195245023	13.836960270030	50.000000000000	0.0000000000000
804.79998779297	0.66436688821332	13.602005365055	50.000000000000	0.0000000000000
805.20001220703	0.66163819881741	13.366440056979	50.000000000000	0.0000000000000
805.59997558594	0.65888579012248	13.130278874080	50.000000000000	0.0000000000000
806.00000000000	0.65610955478292	12.893533786807	50.000000000000	0.0000000000000
806.40002441406	0.65330956037116	12.656215802822	50.000000000000	0.0000000000000
806.79998779297	0.65048580712438	12.418335944555	50.000000000000	0.0000000000000
807.20001220703	0.64763829879114	12.179909176503	50.000000000000	0.0000000000000
807.59997558594	0.64476683900843	11.940946135954	50.000000000000	0.0000000000000
808.00000000000	0.64187171365445	11.701457735595	50.000000000000	0.0000000000000
808.40002441406	0.63895266804707	11.461461041749	50.000000000000	0.0000000000000
808.79998779297	0.63600978545912	11.220964048858	50.000000000000	0.0000000000000
809.20001220703	0.63304316224553	10.979983539637	50.000000000000	0.0000000000000
809.59997558594	0.63005275398071	10.738530704043	50.000000000000	0.0000000000000
810.00000000000	0.62703858249208	10.496622496600	50.000000000000	0.0000000000000
810.40002441406	0.62400058671573	10.254268379000	50.000000000000	0.0000000000000
810.79998779297	0.62093895680990	10.011485515940	50.000000000000	0.0000000000000
811.20001220703	0.61785356199025	9.7682854395461	50.000000000000	0.0000000000000
811.59997558594	0.61474451794180	9.5246855570237	50.000000000000	0.0000000000000
812.00000000000	0.61161186490575	9.2806991490731	50.000000000000	0.0000000000000
812.40002441406	0.60845563457432	9.0363384007680	50.000000000000	0.0000000000000
812.79998779297	0.60527580627755	8.7916242893966	50.000000000000	0.0000000000000
813.20001220703	0.60207257538806	8.5465670810919	50.000000000000	0.0000000000000
813.59997558594	0.59884578319411	8.3011860197578	50.000000000000	0.0000000000000
814.00000000000	0.59559573493140	8.0554933439742	50.000000000000	0.0000000000000
814.40002441406	0.59232231558335	7.8095068216973	50.000000000000	0.0000000000000
814.79998779297	0.58902570270179	7.5632434723632	50.000000000000	0.0000000000000
815.20001220703	0.58570582409013	7.3167189051455	50.000000000000	0.0000000000000
815.59997558594	0.58236290433953	7.0699511787504	50.000000000000	0.0000000000000
816.00000000000	0.57899691751888	6.8229561106516	50.000000000000	0.0000000000000
816.40002441406	0.57560801507527	6.5757529827207	50.000000000000	0.0000000000000
816.79998779297	0.57219621825055	6.3283586895644	50.000000000000	0.0000000000000
817.20001220703	0.56876172176917	6.0807905613205	50.000000000000	0.0000000000000
817.59997558594	0.56530447685001	5.8330691894639	50.000000000000	0.0000000000000
818.00000000000	0.56182460443873	5.5852123503004	50.000000000000	0.0000000000000
818.40002441406	0.55832227996575	5.3372394914548	50.000000000000	0.0000000000000
818.79998779297	0.55479755102579	5.0891689597342	50.000000000000	0.0000000000000
819.20001220703	0.55125058128642	4.8410229317041	50.000000000000	0.0000000000000
819.59997558594	0.54768146468734	4.5928203778984	50.000000000000	0.0000000000000
820.00000000000	0.54409028963978	4.3445818147895	50.000000000000	0.0000000000000
820.40002441406	0.54047719801561	4.0963285121816	50.000000000000	0.0000000000000
820.79998779297	0.53684226643087	3.8480839074474	50.000000000000	0.0000000000000
821.20001220703	0.53318568254611	3.5998691401207	50.000000000000	0.0000000000000
821.59997558594	0.52950756771061	3.3517053858502	50.000000000000	0.0000000000000
822.00000000000	0.52580797953941	3.1036185798838	50.000000000000	0.0000000000000
822.40002441406	0.52208714562548	2.8556301838693	50.000000000000	0.0000000000000
822.79998779297	0.51834522929253	2.6077656404509	50.000000000000	0.0000000000000
823.20001220703	0.51458226760252	2.3600496781508	50.000000000000	0.0000000000000
823.59997558594	0.51079841063520	2.1125070976171	50.000000000000	0.0000000000000
824.00000000000	0.50699392206036	1.8651645390838	50.000000000000	0.0000000000000
824.40002441406	0.50316882059344	1.6180483926049	50.000000000000	0.0000000000000
824.79998779297	0.49932344707569	1.3711860630183	50.000000000000	0.0000000000000
825.20001220703	0.49545777870927	1.1246059072239	50.000000000000	0.0000000000000
825.59997558594	0.49157205510163	0.87833661496182	50.000000000000	0.0000000000000
826.00000000000	0.48766642074744	0.63240803742623	50.000000000000	0.0000000000000
826.40002441406	0.48374113365306	0.38685040119512	50.000000000000	0.0000000000000
826.79998779297	0.47979626748639	0.14169505270405	50.000000000000	0.0000000000000
827.20001220703	0.47583197986648	-0.10302569152983	50.000000000000	0.0000000000000
827.59997558594	0.47184860185801	-0.34727869027377	50.000000000000	0.0000000000000
828.00000000000	0.46784616125389	-0.59102986122513	50.000000000000	0.0000000000000
828.40002441406	0.46382491910990	-0.83424391145882	50.000000000000	0.0000000000000
828.79998779297	0.45978504205992	-1.0768846998022	50.000000000000	0.0000000000000
829.20001220703	0.45572675139651	-1.3189146576864	50.000000000000	0.0000000000000
829.59997558594	0.45165023384012	-1.5602952530773	50.000000000000	0.0000000000000
830.00000000000	0.44755561177135	-1.8009865455897	50.000000000000	0.0000000000000
830.40002441406	0.44344324154598	-2.0409472884825	50.000000000000	0.0000000000000
830.79998779297	0.43931320677034	-2.2801348975023	50.000000000000	0.0000000000000
831.20001220703	0.43516576569691	-2.5185053695825	50.000000000000	0.0000000000000
831.59997558594	0.43100111274685	-2.7560129994393	50.000000000000	0.0000000000000
832.00000000000	0.42681946816311	-2.9926104530425	50.000000000000	0.0000000000000
832.40002441406	0.42262101863932	-3.2282490504726	50.000000000000	0.0000000000000
832.79998779297	0.41840606626510	-3.4628775407422	50.000000000000	0.0000000000000
833.20001220703	0.41417479002877	-3.6964424660850	50.000000000000	0.0000000000000
833.59997558594	0.40992739665521	-3.9288911080114	50.000000000000	0.0000000000000
834.00000000000	0.40566414750712	-4.1601645610614	50.000000000000	0.0000000000000
834.40002441406	0.40138527228820	-4.3902043021268	50.000000000000	0.0000000000000
834.79998779297	0.39709099765976	-4.6189489896188	50.000000000000	0.0000000000000
835.20001220703	0.39278154719449	-4.8463340277410	50.000000000000	0.0000000000000
835.59997558594	0.38845717229504	-5.0722929016134	50.000000000000	0.0000000000000
836.00000000000	0.38411815145067	-5.2967553072365	50.000000000000	0.0000000000000
836.40002441406	0.37976470220860	-5.5196495318761	50.000000000000	0.0000000000000
836.79998779297	0.37539706868697	-5.7408983395585	50.000000000000	0.0000000000000
837.20001220703	0.37101558424079	-5.9604227399096	50.000000000000	0.0000000000000
837.59997558594	0.36662037118225	-6.1781402429894	50.000000000000	0.0000000000000
838.00000000000	0.36221178902084	-6.3939626555729	50.000000000000	0.0000000000000
838.40002441406	0.35779007790488	-6.6077998060772	50.000000000000	0.0000000000000
838.79998779297	0.35335553624063	-6.8195557212373	50.000000000000	0.0000000000000
839.20001220703	0.34890840199829	-7.0291298500563	50.000000000000	0.0000000000000
839.59997558594	0.34444894262417	-7.2364162886562	50.000000000000	0.0000000000000
840.00000000000	0.33997745816345	-7.4413070539675	50.000000000000	0.0000000000000
840.40002441406	0.33549424442041	-7.6436824157962	50.000000000000	0.0000000000000
840.79998779297	0.33099954322974	-7.8434236432369	50.000000000000	0.0000000000000
841.20001220703	0.32649368219028	-8.0403985570025	50.000000000000	0.0000000000000
841.59997558594	0.32197695897112	-8.2344666283322	50.000000000000	0.0000000000000
842.00000000000	0.31744964537392	-8.4255198204988	50.000000000000	0.0000000000000
842.40002441406	0.31291209877219	-8.6133233492693	50.000000000000	0.0000000000000
842.79998779297	0.30836453846082	-8.7977930858743	50.000000000000	0.0000000000000
843.20001220703	0.30380734736029	-8.9787376292844	50.000000000000	0.0000000000000
843.59997558594	0.29924083080602	-9.1559673807311	50.000000000000	0.0000000000000
844.00000000000	0.29466529143904	-9.3293101787866	50.000000000000	0.0000000000000
844.40002441406	0.29008109293578	-9.4985420210951	50.000000000000	0.0000000000000
844.79998779297	0.28548850681256	-9.6634546067551	50.000000000000	0.0000000000000
845.20001220703	0.28088795591362	-9.8238198426667	50.000000000000	0.0000000000000
845.59997558594	0.27627974391378	-9.9793897921216	50.000000000000	0.0000000000000
846.00000000000	0.27166418544105	-10.129905614370	50.000000000000	0.0000000000000
846.40002441406	0.26704174974417	-10.275086170634	50.000000000000	0.0000000000000
846.79998779297	0.26241270672064	-10.414636570061	50.000000000000	0.0000000000000
847.20001220703	0.25777745374264	-10.548238226640	50.000000000000	0.0000000000000
847.59997558594	0.25313643900893	-10.675544525167	50.000000000000	0.0000000000000
848.00000000000	0.24849000683402	-10.796191949190	50.000000000000	0.0000000000000
848.40002441406	0.24383858507742	-10.909785002239	50.000000000000	0.0000000000000
848.79998779297	0.23918258441164	-11.015898604157	50.000000000000	0.0000000000000
849.20001220703	0.23452244707903	-11.114077626238	50.000000000000	0.0000000000000
849.59997558594	0.22985862582135	-11.203824567744	50.000000000000	0.0000000000000
850.00000000000	0.22519158157309	-11.284609941616	50.000000000000	0.0000000000000
850.40002441406	0.22052180364644	-11.355853246312	50.000000000000	0.0000000000000
850.79998779297	0.21584976118305	-11.416931353662	50.000000000000	0.0000000000000
851.20001220703	0.21117603170590	-11.467159838812	50.000000000000	0.0000000000000
851.59997558594	0.20650110273733	-11.505802757607	50.000000000000	0.0000000000000
852.00000000000	0.20182557683299	-11.532052091169	50.000000000000	0.0000000000000
852.40002441406	0.19715005784501	-11.545026380095	50.000000000000	0.0000000000000
852.79998779297	0.19247517205506	-11.543765672240	50.000000000000	0.0000000000000
853.20001220703	0.18780158083490	-11.527212415130	50.000000000000	0.0000000000000
853.59997558594	0.18312999120554	-11.494208727417	50.000000000000	0.0000000000000
854.00000000000	0.17846115812224	-11.443479314164	50.000000000000	0.0000000000000
854.40002441406	0.17379590515102	-11.373615640667	50.000000000000	0.0000000000000
854.79998779297	0.16913505990174	-11.283066147716	50.000000000000	0.0000000000000
855.20001220703	0.16447956216376	-11.170106374274	50.000000000000	0.0000000000000
855.59997558594	0.15983043102007	-11.032821366220	50.000000000000	0.0000000000000
856.00000000000	0.15518874764322	-10.869083479928	50.000000000000	0.0000000000000
856.40002441406	0.15055571055424	-10.676516296056	50.000000000000	0.0000000000000
856.79998779297	0.14593260449083	-10.452456894638	50.000000000000	0.0000000000000
857.20001220703	0.14132085242533	-10.193921463396	50.000000000000	0.0000000000000
857.59997558594	0.13672206267970	-9.8975470197121	50.000000000000	0.0000000000000
858.00000000000	0.13213801196653	-9.5595402663333	50.000000000000	0.0000000000000
858.40002441406	0.12757063015885	-9.1756094681929	50.000000000000	0.0000000000000
858.79998779297	0.12302214800570	-8.7408786895574	50.000000000000	0.0000000000000
859.20001220703	0.11849509553826	-8.2497912024761	50.000000000000	0.0000000000000
859.59997558594	0.11399229064356	-7.6960061476848	50.000000000000	0.0000000000000
860.00000000000	0.10951696764965	-7.0722517362429	50.000000000000	0.0000000000000
860.40002441406	0.10507287297375	-6.3701705562956	50.000000000000	0.0000000000000
860.79998779297	0.10066431680950	-5.5801309162235	50.000000000000	0.0000000000000
861.20001220703	0.096296298931037	-4.6909990746058	50.000000000000	0.0000000000000
861.59997558594	0.091974701118336	-3.6898799393763	50.000000000000	0.0000000000000
862.00000000000	0.087706363843628	-2.5618115439410	50.000000000000	0.0000000000000
862.40002441406	0.083499452662263	-1.2894155044740	50.000000000000	0.0000000000000
862.79998779297	0.079363616483814	0.14748569103172	50.000000000000	0.0000000000000
863.20001220703	0.075310388558360	1.7722781985744	50.000000000000	0.0000000000000
863.59997558594	0.071353580890718	3.6119527846457	50.000000000000	0.0000000000000
864.00000000000	0.067509830169518	5.6974185871190	50.000000000000	0.0000000000000
864.40002441406	0.063799075303058	8.0636308000418	50.000000000000	0.0000000000000
864.79998779297	0.060245365646675	10.749300381022	50.000000000000	0.0000000000000
865.20001220703	0.056877463514129	13.795926666148	50.000000000000	0.0000000000000
865.59997558594	0.053729499128360	17.245654239216	50.000000000000	0.0000000000000
866.00000000000	0.050841391589357	21.137410313466	50.000000000000	0.0000000000000
866.40002441406	0.048258700634049	25.500794635008	50.000000000000	0.0000000000000
866.79998779297	0.046031597668936	30.347438080989	50.000000000000	0.0000000000000
867.20001220703	0.044212419724729	35.660537750890	50.000000000000	0.0000000000000
867.59997558594	0.042851554803103	41.385002410725	50.000000000000	0.0000000000000
868.00000000000	0.041991863018932	47.422044259574	50.000000000000	0.0000000000000
868.40002441406	0.041662506474091	53.633019066713	50.000000000000	0.0000000000000
868.79998779297	0.041874048091057	59.854481532004	50.000000000000	0.0000000000000
869.20001220703	0.042616391632012	65.921446393310	50.000000000000	0.0000000000000
869.59997558594	0.043860511741936	71.691254924462	50.000000000000	0.0000000000000
870.00000000000	0.045563229463639	77.059860523470	50.000000000000	0.0000000000000
870.40002441406	0.047673319107793	81.967009804164	50.000000000000	0.0000000000000
870.79998779297	0.050137294265276	86.391743196799	50.000000000000	0.0000000000000
871.20001220703	0.052903660551340	90.342847492380	50.000000000000	0.0000000000000
871.59997558594	0.055925545133938	93.848182386266	50.000000000000	0.0000000000000
872.00000000000	0.059161807009174	96.945947023676	50.000000000000	0.0000000000000
872.40002441406	0.062577263028777	99.678185951504	50.000000000000	0.0000000000000
872.79998779297	0.066142239554772	102.08661974100	50.000000000000	0.0000000000000
873.20001220703	0.069831977161019	104.21029013891	50.000000000000	0.0000000000000
873.59997558594	0.073625895654175	106.08468717398	50.000000000000	0.0000000000000
874.00000000000	0.077506930224447	107.74119803414	50.000000000000	0.0000000000000
874.40002441406	0.081460877272554	109.20728486595	50.000000000000	0.0000000000000
874.79998779297	0.085475904343876	110.50674235421	50.000000000000	0.0000000000000
875.20001220703	0.089542136221307	111.66011371962	50.000000000000	0.0000000000000
875.59997558594	0.093651257654771	112.68507964363	50.000000000000	0.0000000000000
876.00000000000	0.097796258140243	113.59690841253	50.000000000000	0.0000000000000
876.40002441406	0.10197117513929	114.40872088502	50.000000000000	0.0000000000000
876.79998779297	0.10617095160277	115.13181953391	50.000000000000	0.0000000000000
877.20001220703	0.11039121796510	115.77604169809	50.000000000000	0.0000000000000
877.59997558594	0.11462821642695	116.34985892162	50.000000000000	0.0000000000000
878.00000000000	0.11887870927293	116.86067489634	50.000000000000	0.0000000000000
878.40002441406	0.12313983878042	117.31496346653	50.000000000000	0.0000000000000
878.79998779297	0.12740910998522	117.71833083031	50.000000000000	0.0000000000000
879.20001220703	0.13168436572996	118.07573811768	50.000000000000	0.0000000000000
879.59997558594	0.13596365277971	118.39156614791	50.000000000000	0.0000000000000
880.00000000000	0.14024522889996	118.66960886935	50.000000000000	0.0000000000000
880.40002441406	0.14452758654511	118.91333736711	50.000000000000	0.0000000000000
880.79998779297	0.14880931789153	119.12575620756	50.000000000000	0.0000000000000
881.20001220703	0.15308920062070	119.30956892933	50.000000000000	0.0000000000000
881.59997558594	0.15736611404804	119.46716791388	50.000000000000	0.0000000000000
882.00000000000	0.16163899853655	119.60071238694	50.000000000000	0.0000000000000
882.40002441406	0.16590697235576	119.71215272006	50.000000000000	0.0000000000000
882.79998779297	0.17016914873084	119.80322515198	50.000000000000	0.0000000000000
883.20001220703	0.17442474988085	119.87551918075	50.000000000000	0.0000000000000
883.59997558594	0.17867305222319	119.93042060317	50.000000000000	0.0000000000000
884.00000000000	0.18291341151608	119.96925568961	50.000000000000	0.0000000000000
884.40002441406	0.18714517996276	119.99317460039	50.000000000000	0.0000000000000
884.79998779297	0.19136780157845	120.00325904101	50.000000000000	0.0000000000000
885.20001220703	0.19558071228433	120.00045511654	50.000000000000	0.0000000000000
885.59997558594	0.19978343722697	119.98568939047	50.000000000000	0.0000000000000
886.00000000000	0.20397550765857	119.95974862623	50.000000000000	0.0000000000000
886.40002441406	0.20815644081950	119.92338434168	50.000000000000	0.0000000000000
886.79998779297	0.21232586599151	119.87728016597	50.000000000000	0.0000000000000
887.20001220703	0.21648336332954	119.82208047976	50.000000000000	0.0000000000000
887.59997558594	0.22062857226725	119.75835101212	50.000000000000	0.0000000000000
888.00000000000	0.22476112344122	119.68664850587	50.000000000000	0.0000000000000
888.40002441406	0.22888070341158	119.60744559962	50.000000000000	0.0000000000000
888.79998779297	0.23298695871661	119.52122341344	50.000000000000	0.0000000000000
889.20001220703	0.23707963562725	119.42838531244	50.000000000000	0.0000000000000
889.59997558594	0.24115839997154	119.32936101681	50.000000000000	0.0000000000000
890.00000000000	0.24522298816464	119.22449048777	50.000000000000	0.0000000000000
890.40002441406	0.24927314031708	119.11414415023	50.000000000000	0.0000000000000
890.79998779297	0.25330861780278	118.99861780260	50.000000000000	0.0000000000000
891.20001220703	0.25732915512763	118.87821482174	50.000000000000	0.0000000000000
891.59997558594	0.26133453124885	118.75320699838	50.000000000000	0.0000000000000
892.00000000000	0.26532448989571	118.62389967359	50.000000000000	0.0000000000000
892.40002441406	0.26929887213405	118.49047651820	50.000000000000	0.0000000000000
892.79998779297	0.27325745074553	118.35320555379	50.000000000000	0.0000000000000
893.20001220703	0.27720002522691	118.21229602938	50.000000000000	0.0000000000000
893.59997558594	0.28112640451081	118.06795987914	50.000000000000	0.0000000000000
894.00000000000	0.28503640785078	117.92037412214	50.000000000000	0.0000000000000
894.40002441406	0.28892986244271	117.76971375158	50.000000000000	0.0000000000000
894.79998779297	0.29280659625139	117.61615590079	50.000000000000	0.0000000000000
895.20001220703	0.29666642841932	117.45985792687	50.000000000000	0.0000000000000
895.59997558594	0.30050919828064	117.30098788912	50.000000000000	0.0000000000000
896.00000000000	0.30433481402590	117.13966869973	50.000000000000	0.0000000000000
896.40002441406	0.30814306390325	116.97603347672	50.000000000000	0.0000000000000
896.79998779297	0.31193384795797	116.81022448041	50.000000000000	0.0000000000000
897.20001220703	0.31570702292657	116.64234942144	50.000000000000	0.0000000000000
897.59997558594	0.31946245041144	116.47253605233	50.000000000000	0.0000000000000
898.00000000000	0.32320002252705	116.30088147568	50.000000000000	0.0000000000000
898.40002441406	0.32691957490792	116.12750530500	50.000000000000	0.0000000000000
898.79998779297	0.33062104781862	115.95248854936	50.000000000000	0.0000000000000
899.20001220703	0.33430430384331	115.77593960569	50.000000000000	0.0000000000000
899.59997558594	0.33796922407271	115.59793413847	50.000000000000	0.0000000000000
900.00000000000	0.34161575900849	115.41855733956	50.000000000000	0.0000000000000
900.40002441406	0.34524372581941	115.23791393391	50.000000000000	0.0000000000000
900.79998779297	0.34885312436944	115.05605379291	50.000000000000	0.0000000000000
901.20001220703	0.35244381393096	114.87305605375	50.000000000000	0.0000000000000
901.59997558594	0.35601569956166	114.68901329023	50.000000000000	0.0000000000000
902.00000000000	0.35956875944809	114.50396104490	50.000000000000	0.0000000000000
902.40002441406	0.36310282431446	114.31798468133	50.000000000000	0.0000000000000
902.79998779297	0.36661795481136	114.13113370212	50.000000000000	0.0000000000000
903.20001220703	0.37011389999903	113.94348423836	50.000000000000	0.0000000000000
903.59997558594	0.37359079800757	113.75506458325	50.000000000000	0.0000000000000
904.00000000000	0.37704845904270	113.56595811644	50.000000000000	0.0000000000000
904.40002441406	0.38048678000778	113.37620906809	50.000000000000	0.0000000000000
904.79998779297	0.38390585791430	113.18585139293	50.000000000000	0.0000000000000
905.20001220703	0.38730558094324	112.99494744135	50.000000000000	0.0000000000000
905.59997558594	0.39068583050426	112.80354512564	50.000000000000	0.0000000000000
906.00000000000	0.39404663271938	112.61168589109	50.000000000000	0.0000000000000
906.40002441406	0.39738792628874	112.41940293362	50.000000000000	0.0000000000000
906.79998779297	0.40070972553011	112.22675560662	50.000000000000	0.0000000000000
907.20001220703	0.40401192705951	112.03376194817	50.000000000000	0.0000000000000
907.59997558594	0.40729448080155	111.84046976347	50.000000000000	0.0000000000000
908.00000000000	0.41055745335424	111.64692277795	50.000000000000	0.0000000000000
908.40002441406	0.41380079643571	111.45314710990	50.000000000000	0.0000000000000
908.79998779297	0.41702441909352	111.25917651400	50.000000000000	0.0000000000000
909.20001220703	0.42022837492908	111.06505082741	50.000000000000	0.0000000000000
909.59997558594	0.42341264892796	110.87078604099	50.000000000000	0.0000000000000
910.00000000000	0.42657719608025	110.67643313622	50.000000000000	0.0000000000000
910.40002441406	0.42972203694425	110.48201025712	50.000000000000	0.0000000000000
910.79998779297	0.43284714344276	110.28754139967	50.000000000000	0.0000000000000
911.20001220703	0.43595249674626	110.09306579545	50.000000000000	0.0000000000000
911.59997558594	0.43903813403224	109.89859787821	50.000000000000	0.0000000000000
912.00000000000	0.44210409374576	109.70417610156	50.000000000000	0.0000000000000
912.40002441406	0.44515032924527	109.50980894702	50.000000000000	0.0000000000000
912.79998779297	0.44817682395164	109.31553941909	50.000000000000	0.0000000000000
913.20001220703	0.45118370235617	109.12137077883	50.000000000000	0.0000000000000
913.59997558594	0.45417085823430	108.92733814125	50.000000000000	0.0000000000000
914.00000000000	0.45713842441612	108.73346116726	50.000000000000	0.0000000000000
914.40002441406	0.46008633668847	108.53975750596	50.000000000000	0.0000000000000
914.79998779297	0.46301461192124	108.34625242393	50.000000000000	0.0000000000000
915.20001220703	0.46592334278840	108.15296541595	50.000000000000	0.0000000000000
915.59997558594	0.46881255292034	107.95990291932	50.000000000000	0.0000000000000
916.00000000000	0.47168224648089	107.76710043657	50.000000000000	0.0000000000000
916.40002441406	0.47453247253497	107.57456428015	50.000000000000	0.0000000000000
916.79998779297	0.47736326692927	107.38230861513	50.000000000000	0.0000000000000
917.20001220703	0.48017466440437	107.19036030295	50.000000000000	0.0000000000000
917.59997558594	0.48296673436868	106.99873684354	50.000000000000	0.0000000000000
918.00000000000	0.48573947234501	106.80745247434	50.000000000000	0.0000000000000
918.40002441406	0.48849299178619	106.61650778096	50.000000000000	0.0000000000000
918.79998779297	0.49122734876646	106.42593083643	50.000000000000	0.0000000000000
919.20001220703	0.49394251561415	106.23573028730	50.000000000000	0.0000000000000
919.59997558594	0.49663858469347	106.04592662957	50.000000000000	0.0000000000000
920.00000000000	0.49931570545215	105.85653990008	50.000000000000	0.0000000000000
920.40002441406	0.50197378299044	105.66755529619	50.000000000000	0.0000000000000
920.79998779297	0.50461301287682	105.47901407473	50.000000000000	0.0000000000000
921.20001220703	0.50723344122915	105.29091080459	50.000000000000	0.0000000000000
921.59997558594	0.50983505206213	105.10326644225	50.000000000000	0.0000000000000
922.00000000000	0.51241804197187	104.91607614955	50.000000000000	0.0000000000000
922.40002441406	0.51498233981270	104.72937934552	50.000000000000	0.0000000000000
922.79998779297	0.51752811301895	104.54316159877	50.000000000000	0.0000000000000
923.20001220703	0.52005547974041	104.35744097950	50.000000000000	0.0000000000000
923.59997558594	0.52256440227879	104.17223630251	50.000000000000	0.0000000000000
924.00000000000	0.52505502690024	103.98754084623	50.000000000000	0.0000000000000
924.40002441406	0.52752744692758	103.80337970163	50.000000000000	0.0000000000000
924.79998779297	0.52998185264599	103.61974107558	50.000000000000	0.0000000000000
925.20001220703	0.53241810416159	103.43665850522	50.000000000000	0.0000000000000
925.59997558594	0.53483646519171	103.25412825868	50.000000000000	0.0000000000000
926.00000000000	0.53723690429822	103.07215278039	50.000000000000	0.0000000000000
926.40002441406	0.53961966349462	102.89074894061	50.000000000000	0.0000000000000
926.79998779297	0.54198475238389	102.70991255144	50.000000000000	0.0000000000000
927.20001220703	0.54433218406258	102.52967084059	50.000000000000	0.0000000000000
927.59997558594	0.54666226012415	102.35001598384	50.000000000000	0.0000000000000
928.00000000000	0.54897491908964	102.17094258887	50.000000000000	0.0000000000000
928.40002441406	0.55127035838108	101.99248318706	50.000000000000	0.0000000000000
928.79998779297	0.55354864275941	101.81463743592	50.000000000000	0.0000000000000
929.20001220703	0.55580981570529	101.63739542175	50.000000000000	0.0000000000000
929.59997558594	0.55805416495218	101.46077915316	50.000000000000	0.0000000000000
930.00000000000	0.56028161016084	101.28478011840	50.000000000000	0.0000000000000
930.40002441406	0.56249237459287	101.10942177028	50.000000000000	0.0000000000000
930.79998779297	0.56468654640131	100.93469088411	50.000000000000	0.0000000000000
931.20001220703	0.56686420794330	100.76060390739	50.000000000000	0.0000000000000
931.59997558594	0.56902546505966	100.58715919272	50.000000000000	0.0000000000000
932.00000000000	0.57117054208675	100.41435467574	50.000000000000	0.0000000000000
932.40002441406	0.57329946446490	100.24221346647	50.000000000000	0.0000000000000
932.79998779297	0.57541229509102	100.07071404212	50.000000000000	0.0000000000000
933.20001220703	0.57750935086916	99.899876031196	50.000000000000	0.0000000000000
933.59997558594	0.57959061455187	99.729703196881	50.000000000000	0.0000000000000
934.00000000000	0.58165613683398	99.560204887043	50.000000000000	0.0000000000000
934.40002441406	0.58370621118252	99.391356862488	50.000000000000	0.0000000000000
934.79998779297	0.58574086186183	99.223190924367	50.000000000000	0.0000000000000
935.20001220703	0.58776027532034	99.055693320841	50.000000000000	0.0000000000000
935.59997558594	0.58976461154901	98.888871737933	50.000000000000	0.0000000000000
936.00000000000	0.59175383677443	98.722727410889	50.000000000000	0.0000000000000
936.40002441406	0.59372815477860	98.557260347648	50.000000000000	0.0000000000000
936.79998779297	0.59568777449057	98.392475152915	50.000000000000	0.0000000000000
937.20001220703	0.59763276789823	98.228367041541	50.000000000000	0.0000000000000
937.59997558594	0.59956327884064	98.064939849273	50.000000000000	0.0000000000000
938.00000000000	0.60147944837543	97.902196929434	50.000000000000	0.0000000000000
938.40002441406	0.60338135983160	97.740144723396	50.000000000000	0.0000000000000
938.79998779297	0.60526919204989	97.578773623961	50.000000000000	0.0000000000000
939.20001220703	0.60714303056843	97.418094025628	50.000000000000	0.0000000000000
939.59997558594	0.60900310292019	97.258089933423	50.000000000000	0.0000000000000
940.00000000000	0.61084949579869	97.098775013332	50.000000000000	0.0000000000000
940.40002441406	0.61268226881403	96.940144289719	50.000000000000	0.0000000000000
940.79998779297	0.61450162226796	96.782209638540	50.000000000000	0.0000000000000
941.20001220703	0.61630777446032	96.624951507271	50.000000000000	0.0000000000000
941.59997558594	0.61810074491146	96.468383583828	50.000000000000	0.0000000000000
942.00000000000	0.61988069623998	96.312491008719	50.000000000000	0.0000000000000
942.40002441406	0.62164777403492	96.157295450298	50.000000000000	0.0000000000000
942.79998779297	0.62340212426675	96.002769652876	50.000000000000	0.0000000000000
943.20001220703	0.62514394593689	95.848932425367	50.000000000000	0.0000000000000
943.59997558594	0.62687322253855	95.695772773852	50.000000000000	0.0000000000000
944.00000000000	0.62859024709280	95.543289112782	50.000000000000	0.0000000000000
944.40002441406	0.63029501373402	95.391481450338	50.000000000000	0.0000000000000
944.79998779297	0.63198775444286	95.240349255126	50.000000000000	0.0000000000000
945.20001220703	0.63366863534727	95.089887091061	50.000000000000	0.0000000000000
945.59997558594	0.63533771347991	94.940101130657	50.000000000000	0.0000000000000
946.00000000000	0.63699515156111	94.790984376415	50.000000000000	0.0000000000000
946.40002441406	0.63864105284073	94.642530578611	50.000000000000	0.0000000000000
946.79998779297	0.64027558482481	94.494738967652	50.000000000000	0.0000000000000
947.20001220703	0.64189897399264	94.347608951007	50.000000000000	0.0000000000000
947.59997558594	0.64351126310577	94.201135777229	50.000000000000	0.0000000000000
948.00000000000	0.64511243232608	94.055311609242	50.000000000000	0.0000000000000
948.40002441406	0.64670289623229	93.910149610861	50.000000000000	0.0000000000000
948.79998779297	0.64828268336621	93.765629206453	50.000000000000	0.0000000000000
949.20001220703	0.64985184881388	93.621764872096	50.000000000000	0.0000000000000
949.59997558594	0.65141053580388	93.478529226086	50.000000000000	0.0000000000000
950.00000000000	0.65295897633289	93.335935512421	50.000000000000	0.0000000000000
950.40002441406	0.65449721253441	93.193983671991	50.000000000000	0.0000000000000
950.79998779297	0.65602545669370	93.052660255139	50.000000000000	0.0000000000000
951.20001220703	0.65754380610204	92.911958231983	50.000000000000	0.0000000000000
951.59997558594	0.65905230622212	92.771884628498	50.000000000000	0.0000000000000
952.00000000000	0.66055110957008	92.632426027555	50.000000000000	0.0000000000000
952.40002441406	0.66204049171165	92.493575002429	50.000000000000	0.0000000000000
952.79998779297	0.66352031767240	92.355338827440	50.000000000000	0.0000000000000
953.20001220703	0.66499098156969	92.217710529409	50.000000000000	0.0000000000000
953.59997558594	0.66645252254382	92.080689984583	50.000000000000	0.0000000000000
954.00000000000	0.66790491152501	91.944256898669	50.000000000000	0.0000000000000
954.40002441406	0.66934836960168	91.808418117966	50.000000000000	0.0000000000000
954.79998779297	0.67078305213772	91.673166664269	50.000000000000	0.0000000000000
955.20001220703	0.67220905509827	91.538495781380	50.000000000000	0.0000000000000
955.59997558594	0.67362647658782	91.404405557258	50.000000000000	0.0000000000000
956.00000000000	0.67503552975691	91.270882159597	50.000000000000	0.0000000000000
956.40002441406	0.67643613635281	91.137936257425	50.000000000000	0.0000000000000
956.79998779297	0.67782850085487	91.005512495263	50.000000000000	0.0000000000000
957.20001220703	0.67921285744433	90.873689803532	50.000000000000	0.0000000000000
957.59997558594	0.68058905732056	90.742440942858	50.000000000000	0.0000000000000
958.00000000000	0.68195748018745	90.611656433473	50.000000000000	0.0000000000000
958.40002441406	0.68331812444898	90.481473033247	50.000000000000	0.0000000000000
958.79998779297	0.68467101693954	90.351808714929	50.000000000000	0.0000000000000
959.20001220703	0.68601625756629	90.222690832622	50.000000000000	0.0000000000000
959.59997558594	0.68735417967917	90.094064693629	50.000000000000	0.0000000000000
960.00000000000	0.68868458486409	89.965984973744	50.000000000000	0.0000000000000
960.40002441406	0.69000780952597	89.838369725878	50.000000000000	0.0000000000000
960.79998779297	0.69132371167697	89.711300859110	50.000000000000	0.0000000000000
961.20001220703	0.69263262657340	89.584751074984	50.000000000000	0.0000000000000
961.59997558594	0.69393454065026	89.458638511650	50.000000000000	0.0000000000000
962.00000000000	0.69522948139891	89.333072254824	50.000000000000	0.0000000000000
962.40002441406	0.69651762015693	89.207943160241	50.000000000000	0.0000000000000
962.79998779297	0.69779904811680	89.083305834934	50.000000000000	0.0000000000000
963.20001220703	0.69907392804650	88.959133051835	50.000000000000	0.0000000000000
963.59997558594	0.70034211372791	88.835451981125	50.000000000000	0.0000000000000
964.00000000000	0.70160390304483	88.712180726678	50.000000000000	0.0000000000000
964.40002441406	0.70285930616154	88.589428549597	50.000000000000	0.0000000000000
964.79998779297	0.70410840202346	88.467059046021	50.000000000000	0.0000000000000
965.20001220703	0.70535114681279	88.345153605593	50.000000000000	0.0000000000000
965.59997558594	0.70658782712639	88.223685701996	50.000000000000	0.0000000000000
966.00000000000	0.70781842336521	88.102654795670	50.000000000000	0.0000000000000
966.40002441406	0.70904298706583	87.982033461422	50.000000000000	0.0000000000000
966.79998779297	0.71026161916661	87.861822184912	50.000000000000	0.0000000000000
967.20001220703	0.71147428808859	87.742047845552	50.000000000000	0.0000000000000
967.59997558594	0.71268123958978	87.622656250556	50.000000000000	0.0000000000000
968.00000000000	0.71388235277460	87.503619548492	50.000000000000	0.0000000000000
968.40002441406	0.71507790827599	87.385047582546	50.000000000000	0.0000000000000
968.79998779297	0.71626772534979	87.266803471632	50.000000000000	0.0000000000000
969.20001220703	0.71745196174807	87.148996100409	50.000000000000	0.0000000000000
969.59997558594	0.71863078537081	87.031517037188	50.000000000000	0.0000000000000
970.00000000000	0.71980408653827	86.914420191998	50.000000000000	0.0000000000000
970.40002441406	0.72097208544710	86.797706304360	50.000000000000	0.0000000000000
970.79998779297	0.72213458588422	86.681292053145	50.000000000000	0.0000000000000
971.20001220703	0.72329179075867	86.565287975571	50.000000000000	0.0000000000000
971.59997558594	0.72444376496278	86.449584690465	50.000000000000	0.0000000000000
972.00000000000	0.72559063126272	86.334236524828	50.000000000000	0.0000000000000
972.40002441406	0.72673215691646	86.219215969513	50.000000000000	0.0000000000000
972.79998779297	0.72786862519038	86.104523590779	50.000000000000	0.0000000000000
973.20001220703	0.72899999702304	85.990186257404	50.000000000000	0.0000000000000
973.59997558594	0.73012635525358	85.876094789697	50.000000000000	0.0000000000000
974.00000000000	0.73124764736229	85.762358540789	50.000000000000	0.0000000000000
974.40002441406	0.73236390897314	85.648922503285	50.000000000000	0.0000000000000
974.79998779297	0.73347527293036	85.535759751804	50.000000000000	0.0000000000000
975.20001220703	0.73458164338410	85.422952362778	50.000000000000	0.0000000000000
975.59997558594	0.73568314596715	85.310363561887	50.000000000000	0.0000000000000
976.00000000000	0.73677983423244	85.198102874746	50.000000000000	0.0000000000000
976.40002441406	0.73787160386436	85.086087491498	50.000000000000	0.0000000000000
976.79998779297	0.73895862124238	84.974372825589	50.000000000000	0.0000000000000
977.20001220703	0.74004075551788	84.862904324878	50.000000000000	0.0000000000000
977.59997558594	0.74111814388123	84.751708802908	50.000000000000	0.0000000000000
978.00000000000	0.74219071388888	84.640786096853	50.000000000000	0.0000000000000
978.40002441406	0.74325857835344	84.530083149183	50.000000000000	0.0000000000000
978.79998779297	0.74432162779854	84.419679268062	50.000000000000	0.0000000000000
979.20001220703	0.74538004479265	84.309467927515	50.000000000000	0.0000000000000
979.59997558594	0.74643377687859	84.199528812601	50.000000000000	0.0000000000000
980.00000000000	0.74748264348965	84.089808131873	50.000000000000	0.0000000000000
980.40002441406	0.74852693318935	83.980307085903	50.000000000000	0.0000000000000
980.79998779297	0.74956654047663	83.871051309536	50.000000000000	0.0000000000000
981.20001220703	0.75060137154822	83.762014303261	50.000000000000	0.0000000000000
981.59997558594	0.75163161637479	83.653223486562	50.000000000000	0.0000000000000
982.00000000000	0.75265710548680	83.544623267907	50.000000000000	0.0000000000000
982.40002441406	0.75367787460395	83.436224446019	50.000000000000	0.0000000000000
982.79998779297	0.75469395387957	83.328040600073	50.000000000000	0.0000000000000
983.20001220703	0.75570540801701	83.220062265075	50.000000000000	0.0000000000000
983.59997558594	0.75671223885197	83.112282332880	50.000000000000	0.0000000000000
984.00000000000	0.75771431864623	83.004699915542	50.000000000000	0.0000000000000
984.40002441406	0.75871164801963	82.897309038360	50.000000000000	0.0000000000000
984.79998779297	0.75970433880940	82.790109355897	50.000000000000	0.0000000000000
985.20001220703	0.76069226245449	82.683100536016	50.000000000000	0.0000000000000
985.59997558594	0.76167538499543	82.576262201375	50.000000000000	0.0000000000000
986.00000000000	0.76265395955057	82.469616989242	50.000000000000	0.0000000000000
986.40002441406	0.76362769459918	82.363154477922	50.000000000000	0.0000000000000
986.79998779297	0.76459661689192	82.256854983478	50.000000000000	0.0000000000000
987.20001220703	0.76556079674939	82.150741592480	50.000000000000	0.0000000000000
987.59997558594	0.76652026648887	82.044791964557	50.000000000000	0.0000000000000
988.00000000000	0.76747482492794	81.939012866077	50.000000000000	0.0000000000000
988.40002441406	0.76842464417986	81.833404266611	50.000000000000	0.0000000000000
988.79998779297	0.76936966562941	81.727960938502	50.000000000000	0.0000000000000
989.20001220703	0.77030978074534	81.622672623555	50.000000000000	0.0000000000000
989.59997558594	0.77124496240093	81.517548981547	50.000000000000	0.0000000000000
990.00000000000	0.77217533695502	81.412582899855	50.000000000000	0.0000000000000
990.40002441406	0.77310077762259	81.307773439331	50.000000000000	0.0000000000000
990.79998779297	0.77402142473898	81.203136058562	50.000000000000	0.0000000000000
991.20001220703	0.77493686490184	81.098633553899	50.000000000000	0.0000000000000
991.59997558594	0.77584751119213	80.994295137283	50.000000000000	0.0000000000000
992.00000000000	0.77675314056764	80.890108114913	50.000000000000	0.0000000000000
992.40002441406	0.77765380976464	80.786070300266	50.000000000000	0.0000000000000
992.79998779297	0.77854931257195	80.682189158259	50.000000000000	0.0000000000000
993.20001220703	0.77943990839131	80.578452724199	50.000000000000	0.0000000000000
993.59997558594	0.78032533560779	80.474866099269	50.000000000000	0.0000000000000
994.00000000000	0.78120568954225	80.371436461923	50.000000000000	0.0000000000000
994.40002441406	0.78208087249807	80.268149772251	50.000000000000	0.0000000000000
994.79998779297	0.78295099493355	80.165006807913	50.000000000000	0.0000000000000
995.20001220703	0.78381595238220	80.062022245899	50.000000000000	0.0000000000000
995.59997558594	0.78467572713005	79.959174223437	50.000000000000	0.0000000000000
996.00000000000	0.78553020636849	79.856480557416	50.000000000000	0.0000000000000
996.40002441406	0.78637960578006	79.753947840319	50.000000000000	0.0000000000000
996.79998779297	0.78722350087771	79.651547799392	50.000000000000	0.0000000000000
997.20001220703	0.78806237708544	79.549300591559	50.000000000000	0.0000000000000
997.59997558594	0.78889581017989	79.447202158150	50.000000000000	0.0000000000000
998.00000000000	0.78972394819783	79.345261553579	50.000000000000	0.0000000000000
998.40002441406	0.79054673728996	79.243471921290	50.000000000000	0.0000000000000
998.79998779297	0.79136417144863	79.141831464512	50.000000000000	0.0000000000000
999.20001220703	0.79217619468456	79.040334404472	50.000000000000	0.0000000000000
999.59997558594	0.79298291967197	78.939002573003	50.000000000000	0.0000000000000
1000.0000000000	0.79378411670418	78.837826622791	50.000000000000	0.0000000000000
1000.4000244141	0.79457989012983	78.736808495215	50.000000000000	0.0000000000000
1000.7999877930	0.79537018921241	78.635940280142	50.000000000000	0.0000000000000
1001.2000122070	0.79615506505089	78.535242913264	50.000000000000	0.0000000000000
1001.5999755859	0.79693440006574	78.434688904063	50.000000000000	0.0000000000000
1002.0000000000	0.79770826675872	78.334312613921	50.000000000000	0.0000000000000
1002.4000244141	0.79847652988427	78.234092836906	50.000000000000	0.0000000000000
1002.7999877930	0.79923929580728	78.134051296080	50.000000000000	0.0000000000000
1003.2000122070	0.79999649140383	78.034166638978	50.000000000000	0.0000000000000
1003.5999755859	0.80074814248508	77.934446307549	50.000000000000	0.0000000000000
1004.0000000000	0.80149411979102	77.834908436916	50.000000000000	0.0000000000000
1004.4000244141	0.80223462010744	77.735543458201	50.000000000000	0.0000000000000
1004.7999877930	0.80296939197783	77.636349072117	50.000000000000	0.0000000000000
1005.2000122070	0.80369872102088	77.537346564672	50.000000000000	0.0000000000000
1005.5999755859	0.80442229623021	77.438513064689	50.000000000000	0.0000000000000
1006.0000000000	0.80514023737418	77.339864011070	50.000000000000	0.0000000000000
1006.4000244141	0.80585256607495	77.241406784098	50.000000000000	0.0000000000000
1006.7999877930	0.80655928810680	77.143134400455	50.000000000000	0.0000000000000
1007.2000122070	0.80726040774500	77.045059415255	50.000000000000	0.0000000000000
1007.5999755859	0.80795570491356	76.947168991047	50.000000000000	0.0000000000000
1008.0000000000	0.80864554486056	76.849477257554	50.000000000000	0.0000000000000
1008.4000244141	0.80932958829444	76.751988932453	50.000000000000	0.0000000000000
1008.7999877930	0.81000807233874	76.654700914434	50.000000000000	0.0000000000000
1009.2000122070	0.81068088553912	76.557622754036	50.000000000000	0.0000000000000
1009.5999755859	0.81134810456199	76.460744414667	50.000000000000	0.0000000000000
1010.0000000000	0.81200962954503	76.364089690031	50.000000000000	0.0000000000000
1010.4000244141	0.81266556470469	76.267640394536	50.000000000000	0.0000000000000
1010.7999877930	0.81331584402099	76.171410076985	50.000000000000	0.0000000000000
1011.2000122070	0.81396056956169	76.075398971066	50.000000000000	0.0000000000000
1011.5999755859	0.81459958305863	75.979611441915	50.000000000000	0.0000000000000
1012.0000000000	0.81523319542356	75.884057920601	50.000000000000	0.0000000000000
1012.4000244141	0.81586109185214	75.788734616398	50.000000000000	0.0000000000000
1012.7999877930	0.81648347139267	75.693631698985	50.000000000000	0.0000000000000
1013.2000122070	0.81710032422714	75.598779927405	50.000000000000	0.0000000000000
1013.5999755859	0.81771163225507	75.504161350721	50.000000000000	0.0000000000000
1014.0000000000	0.81831751584880	75.409787523564	50.000000000000	0.0000000000000
1014.4000244141	0.81891785600411	75.315667822944	50.000000000000	0.0000000000000
1014.7999877930	0.81951274682917	75.221787491972	50.000000000000	0.0000000000000
1015.2000122070	0.82010227271893	75.128167214535	50.000000000000	0.0000000000000
1015.5999755859	0.82068638575317	75.034797237441	50.000000000000	0.0000000000000
1016.0000000000	0.82126508425791	74.941688057553	50.000000000000	0.0000000000000
1016.4000244141	0.82183851171171	74.848844304984	50.000000000000	0.0000000000000
1016.7999877930	0.82240663463075	74.756268401512	50.000000000000	0.0000000000000
1017.2000122070	0.82296943104302	74.663959759463	50.000000000000	0.0000000000000
1017.5999755859	0.82352702356602	74.571928101963	50.000000000000	0.0000000000000
1018.0000000000	0.82407942694734	74.480178980254	50.000000000000	0.0000000000000
1018.4000244141	0.82462665808920	74.388701879709	50.000000000000	0.0000000000000
1018.7999877930	0.82516883836124	74.297506628370	50.000000000000	0.0000000000000
1019.2000122070	0.82570593231446	74.206595738969	50.000000000000	0.0000000000000
1019.5999755859	0.82623799030722	74.115980935783	50.000000000000	0.0000000000000
1020.0000000000	0.82676500436616	74.025657776658	50.000000000000	0.0000000000000
1020.4000244141	0.82728712631534	73.935628243918	50.000000000000	0.0000000000000
1020.7999877930	0.82780435591693	73.845901015416	50.000000000000	0.0000000000000
1021.2000122070	0.82831677128255	73.756465959383	50.000000000000	0.0000000000000
1021.5999755859	0.82882446792835	73.667353068938	50.000000000000	0.0000000000000
1022.0000000000	0.82932739116149	73.578524921180	50.000000000000	0.0000000000000
1022.4000244141	0.82982562916698	73.490027514276	50.000000000000	0.0000000000000
1022.7999877930	0.83031929109738	73.401828978776	50.000000000000	0.0000000000000
1023.2000122070	0.83080847339890	73.313958412136	50.000000000000	0.0000000000000
1023.5999755859	0.83129301661955	73.226403165274	50.000000000000	0.0000000000000
1024.0000000000	0.83177324983692	73.139167178065	50.000000000000	0.0000000000000
1024.4000244141	0.83224907221878	73.052253029386	50.000000000000	0.0000000000000
1024.8000488281	0.83272058880396	72.965672971319	50.000000000000	0.0000000000000
1025.1999511719	0.83318795622635	72.879413596969	50.000000000000	0.0000000000000
1025.5999755859	0.83365116953105	72.793483875757	50.000000000000	0.0000000000000
1026.0000000000	0.83411024000071	72.707902781552	50.000000000000	0.0000000000000
1026.4000244141	0.83456532953466	72.622642155838	50.000000000000	0.0000000000000
1026.8000488281	0.83501647917147	72.537728129232	50.000000000000	0.0000000000000
1027.1999511719	0.83546383257469	72.453150496318	50.000000000000	0.0000000000000
1027.5999755859	0.83590734393261	72.368913218078	50.000000000000	0.0000000000000
1028.0000000000	0.83634709877471	72.285018837167	50.000000000000	0.0000000000000
1028.4000244141	0.83678330501515	72.201470490553	50.000000000000	0.0000000000000
1028.8000488281	0.83721585739350	72.118258066498	50.000000000000	0.0000000000000
1029.1999511719	0.83764504229484	72.035407971093	50.000000000000	0.0000000000000
1029.5999755859	0.83807086591530	71.952899775350	50.000000000000	0.0000000000000
1030.0000000000	0.83849331036343	71.870744671803	50.000000000000	0.0000000000000
1030.4000244141	0.83891261049392	71.788940251048	50.000000000000	0.0000000000000
1030.8000488281	0.83932877546467	71.707491970600	50.000000000000	0.0000000000000
1031.1999511719	0.83974191752557	71.626396925695	50.000000000000	0.0000000000000
1031.5999755859	0.84015200786076	71.545642628440	50.000000000000	0.0000000000000
1032.0000000000	0.84055934731462	71.465264834661	50.000000000000	0.0000000000000
1032.4000244141	0.84096386038588	71.385222226006	50.000000000000	0.0000000000000
1032.8000488281	0.84136573390165	71.305548073530	50.000000000000	0.0000000000000
1033.1999511719	0.84176497755946	71.226222352016	50.000000000000	0.0000000000000
1033.5999755859	0.84216177880844	71.147252747246	50.000000000000	0.0000000000000
1034.0000000000	0.84255612634840	71.068648816736	50.000000000000	0.0000000000000
1034.4000244141	0.84294825674910	70.990395932255	50.000000000000	0.0000000000000
1034.8000488281	0.84333810450448	70.912489600780	50.000000000000	0.0000000000000
1035.1999511719	0.84372583708123	70.834941524920	50.000000000000	0.0000000000000
1035.5999755859	0.84411158441128	70.757758303206	50.000000000000	0.0000000000000
1036.0000000000	0.84449542550656	70.680919667508	50.000000000000	0.0000000000000
1036.4000244141	0.84487740500132	70.604436703961	50.000000000000	0.0000000000000
1036.8000488281	0.84525763623229	70.528307170648	50.000000000000	0.0000000000000
1037.1999511719	0.84563628260529	70.452519364212	50.000000000000	0.0000000000000
1037.5999755859	0.84601335224552	70.377079323975	50.000000000000	0.0000000000000
1038.0000000000	0.84638905722219	70.302002327428	50.000000000000	0.0000000000000
1038.4000244141	0.84676337145942	70.227252941244	50.000000000000	0.0000000000000
1038.8000488281	0.84713644697026	70.152857932427	50.000000000000	0.0000000000000
1039.1999511719	0.84750839238210	70.078804492407	50.000000000000	0.0000000000000
1039.5999755859	0.84787927658117	70.005087449342	50.000000000000	0.0000000000000
1040.0000000000	0.84824921950100	69.931715778004	50.000000000000	0.0000000000000
1040.4000244141	0.84861839736125	69.858676318652	50.000000000000	0.0000000000000
1040.8000488281	0.84898671219524	69.785959877631	50.000000000000	0.0000000000000
1041.1999511719	0.84935444169754	69.713581601135	50.000000000000	0.0000000000000
1041.5999755859	0.84972156461339	69.641529964674	50.000000000000	0.0000000000000
1042.0000000000	0.85008822815815	69.569797667876	50.000000000000	0.0000000000000
1042.4000244141	0.85045451750337	69.498388760516	50.000000000000	0.0000000000000
1042.8000488281	0.85082054898132	69.427301680831	50.000000000000	0.0000000000000
1043.1999511719	0.85118640107620	69.356518942202	50.000000000000	0.0000000000000
1043.5999755859	0.85155221543886	69.286046128901	50.000000000000	0.0000000000000
1044.0000000000	0.85191789987424	69.215885049232	50.000000000000	0.0000000000000
1044.4000244141	0.85228374669209	69.146025890576	50.000000000000	0.0000000000000
1044.8000488281	0.85264978368441	69.076460716294	50.000000000000	0.0000000000000
1045.1999511719	0.85301608649321	69.007195696601	50.000000000000	0.0000000000000
1045.5999755859	0.85338277112678	68.938218774235	50.000000000000	0.0000000000000
1046.0000000000	0.85374992038718	68.869512778762	50.000000000000	0.0000000000000
1046.4000244141	0.85411756951724	68.801102213189	50.000000000000	0.0000000000000
1046.8000488281	0.85448581092792	68.732957333721	50.000000000000	0.0000000000000
1047.1999511719	0.85485472140962	68.665084468859	50.000000000000	0.0000000000000
1047.5999755859	0.85522447521946	68.597473231123	50.000000000000	0.0000000000000
1048.0000000000	0.85559502736248	68.530128957479	50.000000000000	0.0000000000000
1048.4000244141	0.85596656299620	68.463028737090	50.000000000000	0.0000000000000
1048.8000488281	0.85633908237330	68.396181274262	50.000000000000	0.0000000000000
1049.1999511719	0.85671266184057	68.329571559093	50.000000000000	0.0000000000000
1049.5999755859	0.85708739021689	68.263204238526	50.000000000000	0.0000000000000
1050.0000000000	0.85746337817622	68.197058832892	50.000000000000	0.0000000000000
1050.4000244141	0.85784071506563	68.131150784793	50.000000000000	0.0000000000000
1050.8000488281	0.85821929179567	68.065443041499	50.000000000000	0.0000000000000
1051.1999511719	0.85859933065072	67.999961070886	50.000000000000	0.0000000000000
1051.5999755859	0.85898085658912	67.934677884362	50.000000000000	0.0000000000000
1052.0000000000	0.85936396103398	67.869587605027	50.000000000000	0.0000000000000
1052.4000244141	0.85974863450611	67.804700943848	50.000000000000	0.0000000000000
1052.8000488281	0.86013495970729	67.739992510149	50.000000000000	0.0000000000000
1053.1999511719	0.86052294037180	67.675460517582	50.000000000000	0.0000000000000
1053.5999755859	0.86091268089180	67.611097358631	50.000000000000	0.0000000000000
1054.0000000000	0.86130436221636	67.546903995279	50.000000000000	0.0000000000000
1054.4000244141	0.86169770394138	67.482862289207	50.000000000000	0.0000000000000
1054.8000488281	0.86209302084374	67.418972612485	50.000000000000	0.0000000000000
1055.1999511719	0.86249023114758	67.355226584435	50.000000000000	0.0000000000000
1055.5999755859	0.86288936616371	67.291608215187	50.000000000000	0.0000000000000
1056.0000000000	0.86329062044350	67.228116796487	50.000000000000	0.0000000000000
1056.4000244141	0.86369376936997	67.164746402317	50.000000000000	0.0000000000000
1056.8000488281	0.86409897616190	67.101491175882	50.000000000000	0.0000000000000
1057.1999511719	0.86450630630234	67.038340417423	50.000000000000	0.0000000000000
1057.5999755859	0.86491568474227	66.975275198617	50.000000000000	0.0000000000000
1058.0000000000	0.86532723452976	66.912316481682	50.000000000000	0.0000000000000
1058.4000244141	0.86574088872479	66.849424114254	50.000000000000	0.0000000000000
1058.8000488281	0.86615661806655	66.786612620504	50.000000000000	0.0000000000000
1059.1999511719	0.86657458490236	66.723856918402	50.000000000000	0.0000000000000
1059.5999755859	0.86699458404708	66.661168683570	50.000000000000	0.0000000000000
1060.0000000000	0.86741683406686	66.598524454465	50.000000000000	0.0000000000000
1060.4000244141	0.86784112744543	66.535916506984	50.000000000000	0.0000000000000
1060.8000488281	0.86826771818280	66.473346026009	50.000000000000	0.0000000000000
1061.1999511719	0.86869635666891	66.410801909345	50.000000000000	0.0000000000000
1061.5999755859	0.86912714554103	66.348278863419	50.000000000000	0.0000000000000
1062.0000000000	0.86955999348223	66.285761720640	50.000000000000	0.0000000000000
1062.4000244141	0.86999496829750	66.223250628351	50.000000000000	0.0000000000000
1062.8000488281	0.87043204650835	66.160730229511	50.000000000000	0.0000000000000
1063.1999511719	0.87087110287500	66.098190772632	50.000000000000	0.0000000000000
1063.5999755859	0.87131219437220	66.035634230267	50.000000000000	0.0000000000000
1064.0000000000	0.87175527521069	65.973048856928	50.000000000000	0.0000000000000
1064.4000244141	0.87220031831859	65.910429877852	50.000000000000	0.0000000000000
1064.8000488281	0.87264722476663	65.847763961464	50.000000000000	0.0000000000000
1065.1999511719	0.87309607183625	65.785040804627	50.000000000000	0.0000000000000
1065.5999755859	0.87354665197996	65.722263144168	50.000000000000	0.0000000000000
1066.0000000000	0.87399904324158	65.659420682666	50.000000000000	0.0000000000000
1066.4000244141	0.87445314922224	65.596500104246	50.000000000000	0.0000000000000
1066.8000488281	0.87490893357177	65.533498432219	50.000000000000	0.0000000000000
1067.1999511719	0.87536626882089	65.470416389993	50.000000000000	0.0000000000000
1067.5999755859	0.87582518412479	65.407222902703	50.000000000000	0.0000000000000
1068.0000000000	0.87628547098756	65.343939807934	50.000000000000	0.0000000000000
1068.4000244141	0.87674732685580	65.280549635805	50.000000000000	0.0000000000000
1068.8000488281	0.87721036755255	65.217043162613	50.000000000000	0.0000000000000
1069.1999511719	0.87767472991763	65.153411794788	50.000000000000	0.0000000000000
1069.5999755859	0.87814024244462	65.089671938216	50.000000000000	0.0000000000000
1070.0000000000	0.87860678213716	65.025768526704	50.000000000000	0.0000000000000
1070.4000244141	0.87907435715582	64.961729777523	50.000000000000	0.0000000000000
1070.8000488281	0.87954280407348	64.897525073799	50.000000000000	0.0000000000000
1071.1999511719	0.88001218423664	64.833184223460	50.000000000000	0.0000000000000
1071.5999755859	0.88048211942707	64.768706420042	50.000000000000	0.0000000000000
1072.0000000000	0.88095274679677	64.704037982353	50.000000000000	0.0000000000000
1072.4000244141	0.88142398994356	64.639236600464	50.000000000000	0.0000000000000
1072.8000488281	0.88189553635759	64.574211152308	50.000000000000	0.0000000000000
1073.1999511719	0.88236734511974	64.509050338952	50.000000000000	0.0000000000000
1073.5999755859	0.88283943680067	64.443698971702	50.000000000000	0.0000000000000
1074.0000000000	0.88331162338661	64.378157548716	50.000000000000	0.0000000000000
1074.4000244141	0.88378366996169	64.312397175100	50.000000000000	0.0000000000000
1074.8000488281	0.88425565502072	64.246471573787	50.000000000000	0.0000000000000
1075.1999511719	0.88472733825308	64.180325875663	50.000000000000	0.0000000000000
1075.5999755859	0.88519863237663	64.113991414241	50.000000000000	0.0000000000000
1076.0000000000	0.88566942917946	64.047466674564	50.000000000000	0.0000000000000
1076.4000244141	0.88613951893403	63.980693294081	50.000000000000	0.0000000000000
1076.8000488281	0.88660879151316	63.913731780688	50.000000000000	0.0000000000000
1077.1999511719	0.88707724207729	63.846549452709	50.000000000000	0.0000000000000
1077.5999755859	0.88754452505013	63.779149963480	50.000000000000	0.0000000000000
1078.0000000000	0.88801068063863	63.711529850309	50.000000000000	0.0000000000000
1078.4000244141	0.88847556169680	63.643666801456	50.000000000000	0.0000000000000
1078.8000488281	0.88893893222978	63.575610677293	50.000000000000	0.0000000000000
1079.1999511719	0.88940061774346	63.507333878397	50.000000000000	0.0000000000000
1079.5999755859	0.88986060577207	63.438813953227	50.000000000000	0.0000000000000
1080.0000000000	0.89031879191417	63.370049066404	50.000000000000	0.0000000000000
1080.4000244141	0.89077484339718	63.301092180240	50.000000000000	0.0000000000000
1080.8000488281	0.89122861758530	63.231860703320	50.000000000000	0.0000000000000
1081.1999511719	0.89168013906573	63.162438356166	50.000000000000	0.0000000000000
1081.5999755859	0.89212916995060	63.092797314588	50.000000000000	0.0000000000000
1082.0000000000	0.89257554113345	63.022909761702	50.000000000000	0.0000000000000
1082.4000244141	0.89301912183880	62.952776971720	50.000000000000	0.0000000000000
1082.8000488281	0.89345975995018	62.882453148898	50.000000000000	0.0000000000000
1083.1999511719	0.89389729084444	62.811884684658	50.000000000000	0.0000000000000
1083.5999755859	0.89433162700729	62.741125668414	50.000000000000	0.0000000000000
1084.0000000000	0.89476244706012	62.670117187574	50.000000000000	0.0000000000000
1084.4000244141	0.89518977925677	62.598865494659	50.000000000000	0.0000000000000
1084.8000488281	0.89561339337919	62.527449905965	50.000000000000	0.0000000000000
1085.1999511719	0.89603311010430	62.455785914776	50.000000000000	0.0000000000000
1085.5999755859	0.89644880295874	62.383906737189	50.000000000000	0.0000000000000
1086.0000000000	0.89686028488844	62.311860735039	50.000000000000	0.0000000000000
1086.4000244141	0.89726752611810	62.239570342590	50.000000000000	0.0000000000000
1086.8000488281	0.89767023108118	62.167088771576	50.000000000000	0.0000000000000
1087.1999511719	0.89806834648254	62.094414967067	50.000000000000	0.0000000000000
1087.5999755859	0.89846156745004	62.021578062026	50.000000000000	0.0000000000000
1088.0000000000	0.89884990184535	61.948520867448	50.000000000000	0.0000000000000
1088.4000244141	0.89923318171643	61.875296412832	50.000000000000	0.0000000000000
1088.8000488281	0.89961124736368	61.801899851135	50.000000000000	0.0000000000000
1089.1999511719	0.89998388300336	61.728332967595	50.000000000000	0.0000000000000
1089.5999755859	0.90035105422935	61.654608007827	50.000000000000	0.0000000000000
1090.0000000000	0.90071248201586	61.580718014996	50.000000000000	0.0000000000000
1090.4000244141	0.90106818349023	61.506676927945	50.000000000000	0.0000000000000
1090.8000488281	0.90141786547185	61.432503060284	50.000000000000	0.0000000000000
1091.1999511719	0.90176149984906	61.358191480917	50.000000000000	0.0000000000000
1091.5999755859	0.90209894932708	61.283742071311	50.000000000000	0.0000000000000
1092.0000000000	0.90243003235117	61.209183344034	50.000000000000	0.0000000000000
1092.4000244141	0.90275465297421	61.134510064306	50.000000000000	0.0000000000000
1092.8000488281	0.90307257141979	61.059733514056	50.000000000000	0.0000000000000
1093.1999511719	0.90338392319675	60.984860818440	50.000000000000	0.0000000000000
1093.5999755859	0.90368829608025	60.909899294146	50.000000000000	0.0000000000000
1094.0000000000	0.90398569961743	60.834862395494	50.000000000000	0.0000000000000
1094.4000244141	0.90427600904706	60.759763163284	50.000000000000	0.0000000000000
1094.8000488281	0.90455920060674	60.684603054258	50.000000000000	0.0000000000000
1095.1999511719	0.90483507483601	60.609403242736	50.000000000000	0.0000000000000
1095.5999755859	0.90510353189910	60.534158100102	50.000000000000	0.0000000000000
1096.0000000000	0.90536451814479	60.458887457160	50.000000000000	0.0000000000000
1096.4000244141	0.90561788929326	60.383605735366	50.000000000000	0.0000000000000
1096.8000488281	0.90586358836155	60.308317465805	50.000000000000	0.0000000000000
1097.1999511719	0.90610143218940	60.233033463022	50.000000000000	0.0000000000000
1097.5999755859	0.90633144344057	60.157771969244	50.000000000000	0.0000000000000
1098.0000000000	0.90655354764831	60.082539049565	50.000000000000	0.0000000000000
1098.4000244141	0.90676757344095	60.007343750017	50.000000000000	0.0000000000000
1098.8000488281	0.90697359838690	59.932212889851	50.000000000000	0.0000000000000
1099.1999511719	0.90717145000444	59.857140264350	50.000000000000	0.0000000000000
1099.5999755859	0.90736105528546	59.782153752861	50.000000000000	0.0000000000000
1100.0000000000	0.90754246775350	59.707259798470	50.000000000000	0.0000000000000
